0 0.5828125 0.5925925925925926 0.01875 0.40925925925925927
23 0.3684895833333333 0.8342592592592593 0.06302083333333333 0.10555555555555556
0 0.61484375 0.4666666666666667 0.021354166666666667 0.1574074074074074
21 0.39947916666666666 0.8902777777777777 0.059375 0.10648148148148148
10 0.42942708333333335 0.8375 0.0609375 0.10648148148148148
21 0.4591145833333333 0.8861111111111111 0.0609375 0.10555555555555556
14 0.4901041666666667 0.8402777777777778 0.0625 0.10648148148148148
26 0.52109375 0.8842592592592593 0.06510416666666667 0.1037037037037037
21 0.55234375 0.8402777777777778 0.0640625 0.10648148148148148
24 0.5856770833333333 0.8847222222222222 0.06510416666666667 0.10462962962962963
2 0.6151041666666667 0.8407407407407408 0.06354166666666666 0.10740740740740741
27 0.49973958333333335 0.6351851851851852 0.5692708333333333 0.7277777777777777
