0 0.8565104166666667 0.6319444444444444 0.005729166666666666 0.14907407407407408
17 0.78359375 0.6333333333333333 0.022395833333333334 0.037037037037037035
0 0.9377604166666667 0.5856481481481481 0.005729166666666666 0.05648148148148148
12 0.7932291666666667 0.6523148148148148 0.021875 0.03796296296296296
16 0.8052083333333333 0.6328703703703704 0.021875 0.03796296296296296
7 0.8145833333333333 0.6523148148148148 0.021875 0.03796296296296296
16 0.8268229166666666 0.6333333333333333 0.022395833333333334 0.03888888888888889
24 0.8361979166666667 0.6523148148148148 0.022395833333333334 0.03796296296296296
3 0.8481770833333333 0.6333333333333333 0.022395833333333334 0.037037037037037035
15 0.8575520833333333 0.6523148148148148 0.022395833333333334 0.03796296296296296
9 0.8697916666666666 0.6337962962962963 0.021875 0.03796296296296296
27 0.49895833333333334 0.6796296296296296 0.9375 0.3537037037037037
