5 0.3927083333333333 0.8444444444444444 0.021875 0.037037037037037035
3 0.48671875 0.8263888888888888 0.021354166666666667 0.03611111111111111
10 0.47630208333333335 0.8435185185185186 0.021354166666666667 0.037037037037037035
20 0.46588541666666666 0.8268518518518518 0.021354166666666667 0.037037037037037035
20 0.45546875 0.8444444444444444 0.021354166666666667 0.037037037037037035
26 0.44479166666666664 0.825925925925926 0.021875 0.037037037037037035
1 0.43463541666666666 0.8444444444444444 0.021354166666666667 0.037037037037037035
3 0.4236979166666667 0.825925925925926 0.021354166666666667 0.037037037037037035
13 0.41380208333333335 0.8444444444444444 0.021354166666666667 0.037037037037037035
25 0.40286458333333336 0.825925925925926 0.021354166666666667 0.037037037037037035
27 0.5005208333333333 0.8703703703703703 0.90625 0.2574074074074074
