0 0.9046875 0.7509259259259259 0.005208333333333333 0.14814814814814814
12 0.8643229166666667 0.7013888888888888 0.022395833333333334 0.03796296296296296
0 0.89609375 0.7041666666666667 0.0067708333333333336 0.05648148148148148
2 0.8734375 0.7203703703703703 0.021875 0.03888888888888889
12 0.8856770833333333 0.700462962962963 0.022395833333333334 0.03796296296296296
6 0.8947916666666667 0.7203703703703703 0.021875 0.03888888888888889
15 0.9075520833333334 0.700925925925926 0.022395833333333334 0.03888888888888889
13 0.91640625 0.7203703703703703 0.022395833333333334 0.03888888888888889
12 0.92890625 0.7041666666666667 0.022395833333333334 0.030555555555555555
27 0.49895833333333334 0.787962962962963 0.9375 0.37777777777777777
