0 0.4171875 0.32037037037037036 0.01875 0.40925925925925927
7 0.31197916666666664 0.1986111111111111 0.0625 0.10462962962962963
0 0.3028645833333333 0.19444444444444445 0.0234375 0.15555555555555556
15 0.34296875 0.1439814814814815 0.058854166666666666 0.10648148148148148
20 0.3731770833333333 0.1962962962962963 0.0609375 0.10555555555555556
13 0.40234375 0.14722222222222223 0.0609375 0.10555555555555556
23 0.434375 0.19398148148148148 0.0625 0.10648148148148148
22 0.46432291666666664 0.14953703703703702 0.06510416666666667 0.10462962962962963
26 0.496875 0.19398148148148148 0.06354166666666666 0.10648148148148148
13 0.52890625 0.14907407407407408 0.06510416666666667 0.10555555555555556
27 0.49973958333333335 0.49953703703703706 0.5692708333333333 0.9990740740740741
