0 0.8658854166666666 0.2361111111111111 0.005729166666666666 0.14814814814814814
22 0.42421875 0.2675925925925926 0.022395833333333334 0.03888888888888889
0 0.8567708333333334 0.1865740740740741 0.00625 0.05648148148148148
17 0.43463541666666666 0.2865740740740741 0.022395833333333334 0.03796296296296296
12 0.44583333333333336 0.2671296296296296 0.021875 0.03796296296296296
18 0.45625 0.2865740740740741 0.021875 0.03796296296296296
26 0.4671875 0.2671296296296296 0.021875 0.03796296296296296
22 0.4778645833333333 0.2865740740740741 0.022395833333333334 0.03796296296296296
12 0.48880208333333336 0.2671296296296296 0.022395833333333334 0.03796296296296296
26 0.49947916666666664 0.2865740740740741 0.021875 0.03796296296296296
4 0.5104166666666666 0.2671296296296296 0.021875 0.03796296296296296
27 0.49895833333333334 0.28194444444444444 0.9375 0.36203703703703705
