0 0.9169270833333333 0.5194444444444445 0.0067708333333333336 0.14814814814814814
26 0.41171875 0.4726851851851852 0.022395833333333334 0.03796296296296296
0 0.8567708333333334 0.4703703703703704 0.00625 0.05555555555555555
12 0.42213541666666665 0.45416666666666666 0.022395833333333334 0.03796296296296296
5 0.43333333333333335 0.4726851851851852 0.021875 0.03796296296296296
17 0.44375 0.45416666666666666 0.021875 0.03796296296296296
21 0.4544270833333333 0.4726851851851852 0.022395833333333334 0.03796296296296296
21 0.46536458333333336 0.45416666666666666 0.022395833333333334 0.03796296296296296
6 0.47604166666666664 0.4726851851851852 0.021875 0.03796296296296296
27 0.49895833333333334 0.5652777777777778 0.9375 0.3527777777777778
