0 0.9372395833333333 0.31203703703703706 0.0067708333333333336 0.14814814814814814
21 0.18958333333333333 0.4375 0.021875 0.03796296296296296
0 0.9177083333333333 0.2671296296296296 0.00625 0.05648148148148148
9 0.20130208333333333 0.45555555555555555 0.022395833333333334 0.03888888888888889
11 0.2109375 0.4375 0.021875 0.03796296296296296
26 0.22291666666666668 0.45555555555555555 0.021875 0.03888888888888889
19 0.23255208333333333 0.4375 0.022395833333333334 0.03796296296296296
7 0.24427083333333333 0.45555555555555555 0.021875 0.03888888888888889
1 0.25416666666666665 0.4375 0.021875 0.03796296296296296
17 0.265625 0.4550925925925926 0.021875 0.03796296296296296
1 0.27578125 0.43703703703703706 0.022395833333333334 0.03888888888888889
27 0.49895833333333334 0.3560185185185185 0.9375 0.3527777777777778
