14 0.6049479166666667 0.7407407407407407 0.021354166666666667 0.037037037037037035
4 0.69921875 0.7222222222222222 0.021354166666666667 0.037037037037037035
6 0.68828125 0.7407407407407407 0.021354166666666667 0.037037037037037035
25 0.6783854166666666 0.7217592592592592 0.021354166666666667 0.03611111111111111
2 0.6674479166666667 0.7407407407407407 0.021354166666666667 0.037037037037037035
2 0.6575520833333334 0.7222222222222222 0.021354166666666667 0.037037037037037035
14 0.6466145833333333 0.7407407407407407 0.021354166666666667 0.037037037037037035
8 0.63671875 0.7222222222222222 0.021354166666666667 0.037037037037037035
7 0.62578125 0.7407407407407407 0.021354166666666667 0.037037037037037035
12 0.6158854166666666 0.7222222222222222 0.021354166666666667 0.037037037037037035
27 0.5005208333333333 0.736574074074074 0.90625 0.3509259259259259
