4 0.38645833333333335 0.8087962962962963 0.021875 0.03611111111111111
19 0.48046875 0.7902777777777777 0.021354166666666667 0.03611111111111111
14 0.4700520833333333 0.8092592592592592 0.021354166666666667 0.037037037037037035
9 0.459375 0.7902777777777777 0.021875 0.03611111111111111
23 0.44921875 0.8092592592592592 0.021354166666666667 0.037037037037037035
16 0.43828125 0.7902777777777777 0.021354166666666667 0.03611111111111111
21 0.428125 0.8092592592592592 0.021875 0.037037037037037035
17 0.41770833333333335 0.7902777777777777 0.021875 0.03611111111111111
9 0.40729166666666666 0.8092592592592592 0.021875 0.037037037037037035
19 0.3966145833333333 0.7907407407407407 0.021354166666666667 0.037037037037037035
27 0.5005208333333333 0.8430555555555556 0.90625 0.31203703703703706
