0 0.91640625 0.20462962962962963 0.0078125 0.14814814814814814
20 0.19322916666666667 0.3106481481481482 0.021875 0.03796296296296296
0 0.8854166666666666 0.15833333333333333 0.00625 0.05555555555555555
22 0.20520833333333333 0.3282407407407407 0.021875 0.03796296296296296
20 0.21510416666666668 0.3106481481481482 0.021875 0.03796296296296296
7 0.22708333333333333 0.3282407407407407 0.021875 0.03796296296296296
2 0.23671875 0.3106481481481482 0.022395833333333334 0.03796296296296296
18 0.2484375 0.3282407407407407 0.021875 0.03796296296296296
8 0.25807291666666665 0.3106481481481482 0.022395833333333334 0.03796296296296296
23 0.26979166666666665 0.3282407407407407 0.021875 0.03796296296296296
26 0.2799479166666667 0.3106481481481482 0.022395833333333334 0.03796296296296296
27 0.49895833333333334 0.25601851851851853 0.9375 0.3675925925925926
