0 0.6424479166666667 0.40555555555555556 0.018229166666666668 0.40925925925925927
15 0.46067708333333335 0.6541666666666667 0.06302083333333333 0.10462962962962963
0 0.6151041666666667 0.2773148148148148 0.022916666666666665 0.15648148148148147
23 0.49192708333333335 0.6046296296296296 0.06302083333333333 0.10740740740740741
7 0.5236979166666667 0.6532407407407408 0.06510416666666667 0.10462962962962963
14 0.5546875 0.6046296296296296 0.06354166666666666 0.10740740740740741
9 0.58828125 0.6532407407407408 0.06510416666666667 0.10462962962962963
8 0.6177083333333333 0.6041666666666666 0.06354166666666666 0.10648148148148148
15 0.6520833333333333 0.6541666666666667 0.06354166666666666 0.10462962962962963
8 0.6799479166666667 0.6041666666666666 0.06197916666666667 0.10648148148148148
27 0.49973958333333335 0.5361111111111111 0.5692708333333333 0.9259259259259259
