15 0.53125 0.3574074074074074 0.020833333333333332 0.037037037037037035
22 0.5208333333333334 0.37592592592592594 0.021875 0.037037037037037035
17 0.51015625 0.3574074074074074 0.021354166666666667 0.037037037037037035
16 0.5 0.37592592592592594 0.021875 0.037037037037037035
20 0.48932291666666666 0.3574074074074074 0.021354166666666667 0.037037037037037035
15 0.47890625 0.37592592592592594 0.021354166666666667 0.037037037037037035
17 0.46848958333333335 0.3574074074074074 0.021354166666666667 0.037037037037037035
16 0.45807291666666666 0.37592592592592594 0.021354166666666667 0.037037037037037035
26 0.44765625 0.3574074074074074 0.021354166666666667 0.037037037037037035
27 0.5005208333333333 0.4439814814814815 0.90625 0.3416666666666667
