0 0.8565104166666667 0.725925925925926 0.005729166666666666 0.14814814814814814
19 0.7901041666666667 0.7541666666666667 0.021875 0.03796296296296296
14 0.6927083333333334 0.7361111111111112 0.021875 0.03888888888888889
0 0.89609375 0.6782407407407407 0.0067708333333333336 0.05648148148148148
10 0.7044270833333334 0.7541666666666667 0.022395833333333334 0.03796296296296296
25 0.7143229166666667 0.7356481481481482 0.022395833333333334 0.03796296296296296
26 0.7260416666666667 0.7532407407407408 0.021875 0.03796296296296296
9 0.7356770833333334 0.7361111111111112 0.022395833333333334 0.03888888888888889
20 0.74765625 0.7537037037037037 0.022395833333333334 0.03888888888888889
12 0.7575520833333333 0.7361111111111112 0.022395833333333334 0.03888888888888889
23 0.76875 0.7541666666666667 0.021875 0.03796296296296296
24 0.7791666666666667 0.7356481481481482 0.022916666666666665 0.03796296296296296
27 0.49895833333333334 0.7620370370370371 0.9375 0.37222222222222223
