17 0.9153645833333334 0.22592592592592592 0.021354166666666667 0.037037037037037035
6 0.9036458333333334 0.20694444444444443 0.021875 0.03611111111111111
4 0.8942708333333333 0.22546296296296298 0.021875 0.03611111111111111
13 0.8830729166666667 0.2074074074074074 0.021354166666666667 0.037037037037037035
19 0.8731770833333333 0.22592592592592592 0.021354166666666667 0.037037037037037035
9 0.8622395833333333 0.2074074074074074 0.021354166666666667 0.037037037037037035
8 0.85234375 0.22592592592592592 0.021354166666666667 0.037037037037037035
5 0.8411458333333334 0.2074074074074074 0.020833333333333332 0.037037037037037035
16 0.83125 0.22546296296296298 0.021875 0.03611111111111111
27 0.5005208333333333 0.2726851851851852 0.90625 0.3490740740740741
