0 0.8565104166666667 0.7166666666666667 0.005729166666666666 0.14814814814814814
11 0.42421875 0.7421296296296296 0.022395833333333334 0.03796296296296296
2 0.32734375 0.7236111111111111 0.022395833333333334 0.03796296296296296
0 0.8661458333333333 0.6722222222222223 0.00625 0.05555555555555555
4 0.3375 0.7412037037037037 0.022916666666666665 0.03796296296296296
22 0.3489583333333333 0.7236111111111111 0.021875 0.03796296296296296
19 0.35911458333333335 0.7412037037037037 0.022395833333333334 0.03796296296296296
18 0.3703125 0.7236111111111111 0.021875 0.03796296296296296
9 0.3807291666666667 0.7412037037037037 0.021875 0.03796296296296296
9 0.39166666666666666 0.7236111111111111 0.021875 0.03796296296296296
23 0.40234375 0.7416666666666667 0.022395833333333334 0.03888888888888889
1 0.41302083333333334 0.7231481481481481 0.021875 0.03888888888888889
27 0.49895833333333334 0.7564814814814815 0.9375 0.37037037037037035
