4 0.34322916666666664 0.7638888888888888 0.021875 0.037037037037037035
23 0.43723958333333335 0.7458333333333333 0.021354166666666667 0.03611111111111111
25 0.4270833333333333 0.7643518518518518 0.021875 0.03611111111111111
18 0.41640625 0.7462962962962963 0.021354166666666667 0.037037037037037035
6 0.40598958333333335 0.7643518518518518 0.021354166666666667 0.03611111111111111
18 0.3958333333333333 0.7462962962962963 0.021875 0.037037037037037035
17 0.38515625 0.7638888888888888 0.021354166666666667 0.037037037037037035
16 0.375 0.7462962962962963 0.021875 0.037037037037037035
26 0.3640625 0.7638888888888888 0.021875 0.037037037037037035
23 0.35390625 0.7462962962962963 0.021354166666666667 0.037037037037037035
27 0.5005208333333333 0.8342592592592593 0.90625 0.3296296296296296
