0 0.8658854166666666 0.6337962962962963 0.005729166666666666 0.14722222222222223
3 0.33880208333333334 0.6467592592592593 0.022395833333333334 0.03796296296296296
0 0.9177083333333333 0.5893518518518519 0.00625 0.05648148148148148
11 0.3502604166666667 0.6291666666666667 0.022395833333333334 0.03796296296296296
4 0.3606770833333333 0.6467592592592593 0.022395833333333334 0.03796296296296296
4 0.37161458333333336 0.6291666666666667 0.022395833333333334 0.03796296296296296
10 0.38229166666666664 0.6476851851851851 0.022916666666666665 0.03796296296296296
21 0.39296875 0.6291666666666667 0.022395833333333334 0.03796296296296296
7 0.40390625 0.6476851851851851 0.022395833333333334 0.03796296296296296
20 0.41458333333333336 0.6287037037037037 0.021875 0.03888888888888889
27 0.49895833333333334 0.6810185185185185 0.9375 0.35462962962962963
