22 0.20130208333333333 0.3638888888888889 0.021354166666666667 0.037037037037037035
16 0.19140625 0.3814814814814815 0.021354166666666667 0.037037037037037035
4 0.18046875 0.3638888888888889 0.021354166666666667 0.037037037037037035
10 0.17057291666666666 0.3814814814814815 0.021354166666666667 0.037037037037037035
15 0.15963541666666667 0.3638888888888889 0.021354166666666667 0.037037037037037035
12 0.14947916666666666 0.3814814814814815 0.021875 0.037037037037037035
23 0.1390625 0.36342592592592593 0.020833333333333332 0.03611111111111111
21 0.12838541666666667 0.3814814814814815 0.021354166666666667 0.037037037037037035
26 0.11848958333333333 0.36342592592592593 0.021354166666666667 0.03611111111111111
27 0.5005208333333333 0.35138888888888886 0.90625 0.3416666666666667
