0 0.8958333333333334 0.39351851851851855 0.00625 0.14814814814814814
15 0.2565104166666667 0.47824074074074074 0.022395833333333334 0.03796296296296296
0 0.9049479166666666 0.3527777777777778 0.005729166666666666 0.05555555555555555
24 0.2682291666666667 0.4597222222222222 0.021875 0.03796296296296296
21 0.278125 0.47824074074074074 0.021875 0.03796296296296296
23 0.28958333333333336 0.4597222222222222 0.021875 0.03796296296296296
17 0.29973958333333334 0.47824074074074074 0.022395833333333334 0.03796296296296296
1 0.3109375 0.4597222222222222 0.021875 0.03796296296296296
6 0.3216145833333333 0.47824074074074074 0.022395833333333334 0.03796296296296296
27 0.49895833333333334 0.44212962962962965 0.9375 0.3527777777777778
