0 0.2669270833333333 0.2212962962962963 0.018229166666666668 0.4203703703703704
17 0.4869791666666667 0.19953703703703704 0.06041666666666667 0.10648148148148148
0 0.55625 0.09259259259259259 0.021875 0.1574074074074074
6 0.5174479166666667 0.25555555555555554 0.06302083333333333 0.10555555555555556
24 0.5473958333333333 0.19814814814814816 0.0625 0.10740740740740741
7 0.58046875 0.2564814814814815 0.06510416666666667 0.1037037037037037
2 0.61015625 0.19768518518518519 0.0640625 0.10648148148148148
17 0.6447916666666667 0.2564814814814815 0.065625 0.10555555555555556
13 0.6731770833333334 0.19768518518518519 0.0640625 0.10648148148148148
27 0.49973958333333335 0.4550925925925926 0.5692708333333333 0.9101851851851852
