0 0.88515625 0.8199074074074074 0.005729166666666666 0.14722222222222223
5 0.6044270833333333 0.9486111111111111 0.022395833333333334 0.03796296296296296
0 0.9174479166666667 0.7763888888888889 0.0078125 0.05648148148148148
9 0.6145833333333334 0.9319444444444445 0.021875 0.03796296296296296
11 0.62578125 0.9490740740740741 0.022395833333333334 0.03888888888888889
15 0.6361979166666667 0.9319444444444445 0.022395833333333334 0.03796296296296296
10 0.6473958333333333 0.9495370370370371 0.021875 0.03796296296296296
4 0.6580729166666667 0.9310185185185185 0.022395833333333334 0.03796296296296296
18 0.6682291666666667 0.950462962962963 0.021875 0.03796296296296296
27 0.49895833333333334 0.8263888888888888 0.9375 0.3453703703703704
