8 0.10677083333333333 0.975462962962963 0.021875 0.03611111111111111
19 0.20078125 0.9574074074074074 0.021354166666666667 0.037037037037037035
17 0.19114583333333332 0.9768518518518519 0.021875 0.037037037037037035
19 0.17994791666666668 0.9574074074074074 0.021354166666666667 0.037037037037037035
3 0.1703125 0.9763888888888889 0.021875 0.03611111111111111
15 0.15911458333333334 0.9578703703703704 0.021354166666666667 0.03611111111111111
24 0.14895833333333333 0.975925925925926 0.021875 0.037037037037037035
20 0.13880208333333333 0.9583333333333334 0.021354166666666667 0.037037037037037035
6 0.12786458333333334 0.975462962962963 0.021354166666666667 0.03611111111111111
23 0.11796875 0.9587962962962963 0.021354166666666667 0.03611111111111111
27 0.5005208333333333 0.8490740740740741 0.90625 0.3
