0 0.8770833333333333 0.27685185185185185 0.005208333333333333 0.14814814814814814
9 0.19010416666666666 0.3837962962962963 0.021875 0.03796296296296296
9 0.09296875 0.36527777777777776 0.022395833333333334 0.03796296296296296
0 0.8567708333333334 0.23333333333333334 0.00625 0.05555555555555555
25 0.10520833333333333 0.38333333333333336 0.021875 0.03888888888888889
25 0.11432291666666666 0.36527777777777776 0.022395833333333334 0.03796296296296296
21 0.12682291666666667 0.38333333333333336 0.022395833333333334 0.03888888888888889
13 0.13619791666666667 0.36527777777777776 0.022395833333333334 0.03796296296296296
3 0.14791666666666667 0.38333333333333336 0.021875 0.03888888888888889
10 0.15833333333333333 0.36527777777777776 0.022916666666666665 0.03796296296296296
21 0.16901041666666666 0.3837962962962963 0.021354166666666667 0.03796296296296296
18 0.18020833333333333 0.36435185185185187 0.022916666666666665 0.03796296296296296
27 0.49895833333333334 0.324537037037037 0.9375 0.3527777777777778
