15 0.365625 0.8527777777777777 0.021875 0.037037037037037035
25 0.4596354166666667 0.8351851851851851 0.021354166666666667 0.037037037037037035
3 0.44921875 0.8537037037037037 0.021354166666666667 0.037037037037037035
10 0.4388020833333333 0.8347222222222223 0.021354166666666667 0.03611111111111111
22 0.4283854166666667 0.8537037037037037 0.021354166666666667 0.037037037037037035
4 0.41770833333333335 0.8347222222222223 0.021875 0.03611111111111111
25 0.4075520833333333 0.8537037037037037 0.021354166666666667 0.037037037037037035
9 0.396875 0.8351851851851851 0.020833333333333332 0.037037037037037035
19 0.38671875 0.8532407407407407 0.021354166666666667 0.03611111111111111
21 0.37604166666666666 0.8351851851851851 0.021875 0.037037037037037035
27 0.5005208333333333 0.8439814814814814 0.90625 0.3101851851851852
