0 0.9174479166666667 0.600925925925926 0.005729166666666666 0.14814814814814814
25 0.5934895833333333 0.5421296296296296 0.022395833333333334 0.03796296296296296
0 0.8661458333333333 0.5527777777777778 0.00625 0.05555555555555555
10 0.6046875 0.5606481481481481 0.021875 0.03796296296296296
4 0.6151041666666667 0.5421296296296296 0.021875 0.03796296296296296
18 0.6263020833333334 0.5606481481481481 0.022395833333333334 0.03796296296296296
1 0.63671875 0.5421296296296296 0.022395833333333334 0.03796296296296296
9 0.6473958333333333 0.5606481481481481 0.021875 0.03796296296296296
15 0.65859375 0.5421296296296296 0.022395833333333334 0.03796296296296296
5 0.66875 0.5606481481481481 0.021875 0.03796296296296296
8 0.6802083333333333 0.5421296296296296 0.021875 0.03796296296296296
27 0.49895833333333334 0.6486111111111111 0.9375 0.3527777777777778
