0 0.35885416666666664 0.2828703703703704 0.019791666666666666 0.4101851851851852
6 0.31197916666666664 0.4009259259259259 0.0625 0.10555555555555556
0 0.5557291666666667 0.1476851851851852 0.019791666666666666 0.15648148148148147
2 0.34296875 0.3476851851851852 0.058854166666666666 0.10648148148148148
7 0.3734375 0.4 0.06145833333333333 0.10555555555555556
6 0.40234375 0.3490740740740741 0.0609375 0.10555555555555556
7 0.434375 0.399537037037037 0.0625 0.10648148148148148
13 0.46458333333333335 0.350462962962963 0.065625 0.10462962962962963
4 0.496875 0.3990740740740741 0.06354166666666666 0.10740740740740741
27 0.49973958333333335 0.4810185185185185 0.5692708333333333 0.962037037037037
