0 0.5825520833333333 0.28703703703703703 0.019270833333333334 0.40925925925925927
15 0.43776041666666665 0.462037037037037 0.0421875 0.1037037037037037
0 0.30390625 0.15694444444444444 0.0203125 0.15462962962962962
18 0.45859375 0.40925925925925927 0.058854166666666666 0.10555555555555556
23 0.48880208333333336 0.46111111111111114 0.0609375 0.10740740740740741
7 0.5197916666666667 0.4101851851851852 0.06458333333333334 0.10555555555555556
2 0.5505208333333333 0.46111111111111114 0.06354166666666666 0.10740740740740741
16 0.5841145833333333 0.41064814814814815 0.06510416666666667 0.10462962962962963
19 0.6135416666666667 0.46111111111111114 0.06354166666666666 0.10740740740740741
27 0.49973958333333335 0.4847222222222222 0.5692708333333333 0.9694444444444444
