0 0.6731770833333334 0.6259259259259259 0.019270833333333334 0.4185185185185185
5 0.4674479166666667 0.4398148148148148 0.06510416666666667 0.1037037037037037
0 0.6953125 0.4986111111111111 0.019791666666666666 0.1527777777777778
23 0.49947916666666664 0.4912037037037037 0.06354166666666666 0.10648148148148148
7 0.5315104166666667 0.44027777777777777 0.06510416666666667 0.10462962962962963
24 0.5625 0.49074074074074076 0.06354166666666666 0.10740740740740741
1 0.5953125 0.4393518518518518 0.06354166666666666 0.10462962962962963
11 0.62421875 0.4912037037037037 0.0609375 0.10648148148148148
11 0.6559895833333333 0.4388888888888889 0.058854166666666666 0.10555555555555556
27 0.49973958333333335 0.6467592592592593 0.5692708333333333 0.7046296296296296
