0 0.9375 0.28703703703703703 0.00625 0.14814814814814814
26 0.19036458333333334 0.3662037037037037 0.022395833333333334 0.03796296296296296
0 0.86640625 0.24166666666666667 0.0067708333333333336 0.05555555555555555
7 0.20234375 0.3472222222222222 0.022395833333333334 0.03888888888888889
8 0.21197916666666666 0.3662037037037037 0.021875 0.03796296296296296
20 0.22395833333333334 0.3476851851851852 0.021875 0.03796296296296296
10 0.23359375 0.3662037037037037 0.022395833333333334 0.03796296296296296
22 0.24557291666666667 0.34675925925925927 0.022395833333333334 0.03796296296296296
20 0.25546875 0.3662037037037037 0.022395833333333334 0.03796296296296296
27 0.49895833333333334 0.3347222222222222 0.9375 0.3527777777777778
