1 0.5229166666666667 0.4101851851851852 0.021875 0.037037037037037035
20 0.6171875 0.3925925925925926 0.021875 0.037037037037037035
8 0.6065104166666667 0.4101851851851852 0.021354166666666667 0.037037037037037035
23 0.59609375 0.3925925925925926 0.021354166666666667 0.037037037037037035
16 0.5856770833333333 0.4101851851851852 0.021354166666666667 0.037037037037037035
24 0.5752604166666667 0.3925925925925926 0.021354166666666667 0.037037037037037035
9 0.56484375 0.4101851851851852 0.021354166666666667 0.037037037037037035
17 0.5544270833333333 0.3925925925925926 0.021354166666666667 0.037037037037037035
9 0.5440104166666667 0.4101851851851852 0.021354166666666667 0.037037037037037035
3 0.53359375 0.3921296296296296 0.021354166666666667 0.03611111111111111
27 0.5005208333333333 0.35138888888888886 0.90625 0.3416666666666667
