0 0.8768229166666667 0.37407407407407406 0.005729166666666666 0.14814814814814814
18 0.228125 0.4199074074074074 0.021875 0.03796296296296296
17 0.12994791666666666 0.4023148148148148 0.022395833333333334 0.03796296296296296
0 0.8854166666666666 0.32731481481481484 0.00625 0.05648148148148148
23 0.14192708333333334 0.4199074074074074 0.022395833333333334 0.03796296296296296
17 0.15130208333333334 0.4023148148148148 0.022395833333333334 0.03796296296296296
17 0.16354166666666667 0.4199074074074074 0.021875 0.03796296296296296
23 0.17317708333333334 0.4023148148148148 0.022395833333333334 0.03796296296296296
17 0.18489583333333334 0.4199074074074074 0.021875 0.03796296296296296
13 0.19453125 0.4023148148148148 0.022395833333333334 0.03796296296296296
24 0.20651041666666667 0.4199074074074074 0.022395833333333334 0.03796296296296296
20 0.21614583333333334 0.40185185185185185 0.021875 0.03888888888888889
27 0.49895833333333334 0.41898148148148145 0.9375 0.3527777777777778
