0 0.9255208333333333 0.4722222222222222 0.00625 0.14814814814814814
7 0.22864583333333333 0.49675925925925923 0.021875 0.03796296296296296
0 0.9377604166666667 0.40046296296296297 0.005729166666666666 0.05648148148148148
1 0.23828125 0.5152777777777777 0.022395833333333334 0.03796296296296296
3 0.24973958333333332 0.49675925925925923 0.021354166666666667 0.03796296296296296
23 0.2604166666666667 0.5152777777777777 0.022916666666666665 0.03796296296296296
22 0.2708333333333333 0.49675925925925923 0.021875 0.03796296296296296
10 0.28229166666666666 0.5152777777777777 0.022916666666666665 0.03796296296296296
19 0.29244791666666664 0.49675925925925923 0.022395833333333334 0.03796296296296296
25 0.30390625 0.5152777777777777 0.022395833333333334 0.03796296296296296
2 0.3140625 0.49675925925925923 0.021875 0.03796296296296296
27 0.49895833333333334 0.49212962962962964 0.9375 0.3527777777777778
