0 0.9375 0.08611111111111111 0.00625 0.14814814814814814
22 0.13567708333333334 0.1625 0.022395833333333334 0.03796296296296296
0 0.8567708333333334 0.03611111111111111 0.00625 0.05555555555555555
23 0.14765625 0.1425925925925926 0.021354166666666667 0.03888888888888889
12 0.15755208333333334 0.16203703703703703 0.022395833333333334 0.037037037037037035
12 0.16848958333333333 0.14305555555555555 0.021354166666666667 0.03796296296296296
17 0.1796875 0.16157407407407406 0.022916666666666665 0.03796296296296296
12 0.18958333333333333 0.14351851851851852 0.021875 0.03888888888888889
13 0.2015625 0.16111111111111112 0.021875 0.03888888888888889
10 0.21119791666666668 0.1439814814814815 0.022395833333333334 0.03796296296296296
27 0.49895833333333334 0.17175925925925925 0.9375 0.3435185185185185
