0 0.9046875 0.21851851851851853 0.005208333333333333 0.14814814814814814
20 0.7598958333333333 0.1837962962962963 0.022916666666666665 0.03796296296296296
0 0.9177083333333333 0.17314814814814813 0.005208333333333333 0.05555555555555555
13 0.7700520833333333 0.16435185185185186 0.021354166666666667 0.03796296296296296
19 0.7817708333333333 0.1837962962962963 0.021875 0.03796296296296296
18 0.7911458333333333 0.16435185185185186 0.021875 0.03796296296296296
10 0.8033854166666666 0.1837962962962963 0.022395833333333334 0.03796296296296296
15 0.8130208333333333 0.16435185185185186 0.021875 0.03796296296296296
23 0.825 0.1837962962962963 0.021875 0.03796296296296296
24 0.834375 0.16435185185185186 0.021875 0.03796296296296296
27 0.49895833333333334 0.2671296296296296 0.9375 0.36574074074074076
