0 0.9375 0.2935185185185185 0.00625 0.14814814814814814
7 0.42526041666666664 0.4050925925925926 0.022395833333333334 0.03796296296296296
0 0.8567708333333334 0.24675925925925926 0.00625 0.05648148148148148
16 0.4356770833333333 0.42453703703703705 0.022395833333333334 0.03796296296296296
20 0.446875 0.4050925925925926 0.021875 0.03796296296296296
7 0.45755208333333336 0.42453703703703705 0.022395833333333334 0.03796296296296296
24 0.46822916666666664 0.40555555555555556 0.021875 0.03888888888888889
22 0.47890625 0.42453703703703705 0.022395833333333334 0.03796296296296296
20 0.48984375 0.4050925925925926 0.022395833333333334 0.03796296296296296
21 0.5005208333333333 0.42453703703703705 0.021875 0.03796296296296296
9 0.5114583333333333 0.4050925925925926 0.021875 0.03796296296296296
27 0.49895833333333334 0.34120370370370373 0.9375 0.3527777777777778
