0 0.8770833333333333 0.425 0.005208333333333333 0.14814814814814814
20 0.7911458333333333 0.513425925925926 0.021875 0.03796296296296296
17 0.6942708333333333 0.4949074074074074 0.021875 0.03796296296296296
0 0.9049479166666666 0.38055555555555554 0.005729166666666666 0.05555555555555555
3 0.7057291666666666 0.513425925925926 0.021875 0.03796296296296296
25 0.715625 0.49444444444444446 0.021875 0.03888888888888889
14 0.72734375 0.513425925925926 0.022395833333333334 0.03796296296296296
6 0.7372395833333333 0.4949074074074074 0.022395833333333334 0.03796296296296296
16 0.7486979166666666 0.513425925925926 0.021354166666666667 0.03796296296296296
20 0.7591145833333334 0.4949074074074074 0.022395833333333334 0.03796296296296296
14 0.7697916666666667 0.513425925925926 0.021875 0.03796296296296296
17 0.7809895833333333 0.4949074074074074 0.022395833333333334 0.03796296296296296
27 0.49895833333333334 0.4736111111111111 0.9375 0.3527777777777778
