4 0.5299479166666666 0.18009259259259258 0.021354166666666667 0.03611111111111111
8 0.62421875 0.1625 0.021354166666666667 0.03611111111111111
14 0.6138020833333333 0.18055555555555555 0.021354166666666667 0.037037037037037035
14 0.6033854166666667 0.16296296296296298 0.021354166666666667 0.037037037037037035
18 0.5924479166666666 0.18055555555555555 0.021354166666666667 0.037037037037037035
16 0.5822916666666667 0.16296296296296298 0.021875 0.037037037037037035
20 0.5716145833333334 0.18009259259259258 0.021354166666666667 0.03611111111111111
14 0.5611979166666666 0.16296296296296298 0.021354166666666667 0.037037037037037035
25 0.55078125 0.18009259259259258 0.021354166666666667 0.03611111111111111
3 0.5403645833333334 0.16296296296296298 0.021354166666666667 0.037037037037037035
27 0.5005208333333333 0.275 0.90625 0.34814814814814815
