0 0.6419270833333334 0.7263888888888889 0.019270833333333334 0.4101851851851852
15 0.4583333333333333 0.7888888888888889 0.06041666666666667 0.10555555555555556
0 0.50078125 0.5916666666666667 0.022395833333333334 0.1574074074074074
21 0.4895833333333333 0.7407407407407407 0.06145833333333333 0.10740740740740741
25 0.5203125 0.7870370370370371 0.06458333333333334 0.10555555555555556
26 0.5513020833333333 0.7412037037037037 0.0640625 0.10648148148148148
23 0.5848958333333333 0.7870370370370371 0.065625 0.1037037037037037
11 0.6143229166666667 0.7407407407407407 0.0640625 0.10740740740740741
6 0.64921875 0.7875 0.06510416666666667 0.10462962962962963
27 0.49973958333333335 0.7018518518518518 0.5692708333333333 0.5944444444444444
