0 0.9375 0.42083333333333334 0.00625 0.14907407407407408
4 0.21197916666666666 0.3675925925925926 0.021875 0.03888888888888889
0 0.9174479166666667 0.37037037037037035 0.0078125 0.05555555555555555
19 0.22395833333333334 0.34814814814814815 0.021875 0.03888888888888889
9 0.23359375 0.36712962962962964 0.022395833333333334 0.03796296296296296
18 0.24557291666666667 0.3486111111111111 0.022395833333333334 0.03796296296296296
17 0.2552083333333333 0.36712962962962964 0.021875 0.03796296296296296
10 0.2669270833333333 0.34814814814814815 0.022395833333333334 0.03888888888888889
23 0.27682291666666664 0.36712962962962964 0.022395833333333334 0.03796296296296296
22 0.28854166666666664 0.34814814814814815 0.021875 0.03888888888888889
27 0.49895833333333334 0.46435185185185185 0.9375 0.3527777777777778
