0 0.6419270833333334 0.2361111111111111 0.019270833333333334 0.40925925925925927
26 0.34296875 0.6152777777777778 0.058854166666666666 0.10648148148148148
0 0.61484375 0.09814814814814815 0.021354166666666667 0.1574074074074074
25 0.3731770833333333 0.562962962962963 0.0609375 0.10555555555555556
4 0.40234375 0.6138888888888889 0.0609375 0.10555555555555556
3 0.434375 0.562962962962963 0.0625 0.10740740740740741
15 0.46484375 0.6134259259259259 0.06510416666666667 0.10462962962962963
15 0.496875 0.562962962962963 0.06354166666666666 0.10740740740740741
16 0.5291666666666667 0.6134259259259259 0.065625 0.10462962962962963
23 0.5598958333333334 0.562962962962963 0.06354166666666666 0.10740740740740741
27 0.49973958333333335 0.4583333333333333 0.5692708333333333 0.9166666666666666
