0 0.92578125 0.36527777777777776 0.005729166666666666 0.14722222222222223
9 0.5369791666666667 0.4587962962962963 0.021875 0.03796296296296296
0 0.85703125 0.29074074074074074 0.0067708333333333336 0.05555555555555555
19 0.54765625 0.44027777777777777 0.022395833333333334 0.03796296296296296
5 0.55859375 0.4587962962962963 0.022395833333333334 0.03796296296296296
4 0.5692708333333333 0.44027777777777777 0.021875 0.03796296296296296
13 0.5802083333333333 0.4587962962962963 0.021875 0.03796296296296296
24 0.590625 0.44027777777777777 0.021875 0.03796296296296296
2 0.6018229166666667 0.4587962962962963 0.022395833333333334 0.03796296296296296
27 0.49895833333333334 0.3824074074074074 0.9375 0.3537037037037037
