0 0.9375 0.5888888888888889 0.00625 0.14814814814814814
13 0.5395833333333333 0.6675925925925926 0.021875 0.03888888888888889
0 0.86640625 0.5444444444444444 0.005729166666666666 0.05555555555555555
12 0.5502604166666667 0.649537037037037 0.022395833333333334 0.03796296296296296
15 0.5614583333333333 0.6675925925925926 0.021875 0.03888888888888889
7 0.5716145833333334 0.649537037037037 0.022395833333333334 0.03796296296296296
3 0.5828125 0.6671296296296296 0.021875 0.03796296296296296
17 0.5932291666666667 0.649537037037037 0.021875 0.03796296296296296
18 0.6044270833333333 0.6671296296296296 0.022395833333333334 0.03796296296296296
27 0.49895833333333334 0.638425925925926 0.9375 0.3527777777777778
