0 0.8958333333333334 0.14814814814814814 0.00625 0.14814814814814814
14 0.37604166666666666 0.27361111111111114 0.021875 0.03796296296296296
0 0.8856770833333333 0.1037037037037037 0.0067708333333333336 0.05555555555555555
12 0.38723958333333336 0.2912037037037037 0.022395833333333334 0.03796296296296296
4 0.39765625 0.27361111111111114 0.022395833333333334 0.03796296296296296
6 0.40859375 0.2916666666666667 0.022395833333333334 0.03888888888888889
17 0.41901041666666666 0.27361111111111114 0.022395833333333334 0.03796296296296296
4 0.43020833333333336 0.2916666666666667 0.021875 0.03888888888888889
9 0.440625 0.2740740740740741 0.021875 0.03888888888888889
13 0.4518229166666667 0.2916666666666667 0.022395833333333334 0.03888888888888889
23 0.4622395833333333 0.2740740740740741 0.022395833333333334 0.03888888888888889
27 0.49895833333333334 0.20601851851851852 0.9375 0.3787037037037037
