0 0.9171875 0.7981481481481482 0.00625 0.14814814814814814
5 0.41510416666666666 0.9490740740740741 0.021875 0.03888888888888889
0 0.8567708333333334 0.7541666666666667 0.00625 0.05648148148148148
22 0.42630208333333336 0.9324074074074075 0.022395833333333334 0.03888888888888889
4 0.43671875 0.9490740740740741 0.022395833333333334 0.037037037037037035
5 0.44765625 0.9319444444444445 0.022395833333333334 0.03796296296296296
5 0.45807291666666666 0.9490740740740741 0.022395833333333334 0.03888888888888889
7 0.46901041666666665 0.9319444444444445 0.022395833333333334 0.03796296296296296
25 0.47994791666666664 0.9486111111111111 0.022395833333333334 0.03796296296296296
19 0.490625 0.9324074074074075 0.021875 0.03888888888888889
27 0.49895833333333334 0.8171296296296297 0.9375 0.3638888888888889
