0 0.88515625 0.5532407407407407 0.005729166666666666 0.14722222222222223
9 0.07552083333333333 0.6597222222222222 0.022916666666666665 0.03796296296296296
0 0.8567708333333334 0.5037037037037037 0.00625 0.05555555555555555
19 0.08723958333333333 0.6416666666666667 0.021354166666666667 0.03888888888888889
21 0.09791666666666667 0.6606481481481481 0.022916666666666665 0.03796296296296296
10 0.1078125 0.6416666666666667 0.021875 0.03888888888888889
15 0.12005208333333334 0.6606481481481481 0.022395833333333334 0.03796296296296296
6 0.12942708333333333 0.6416666666666667 0.022395833333333334 0.037037037037037035
7 0.14166666666666666 0.6606481481481481 0.021875 0.03796296296296296
27 0.49895833333333334 0.5995370370370371 0.9375 0.3527777777777778
