0 0.9255208333333333 0.2310185185185185 0.00625 0.14722222222222223
7 0.8044270833333333 0.27546296296296297 0.022395833333333334 0.03796296296296296
5 0.70703125 0.2569444444444444 0.022395833333333334 0.03796296296296296
0 0.9177083333333333 0.15324074074074073 0.005208333333333333 0.05648148148148148
26 0.7174479166666666 0.274537037037037 0.022395833333333334 0.03796296296296296
8 0.7283854166666667 0.2569444444444444 0.021354166666666667 0.03796296296296296
1 0.7390625 0.275 0.022916666666666665 0.037037037037037035
3 0.7494791666666667 0.25601851851851853 0.021875 0.03796296296296296
15 0.7606770833333333 0.27546296296296297 0.022395833333333334 0.03796296296296296
11 0.7708333333333334 0.25601851851851853 0.021875 0.03796296296296296
6 0.7825520833333334 0.27546296296296297 0.022395833333333334 0.03796296296296296
24 0.7919270833333333 0.25601851851851853 0.022395833333333334 0.03796296296296296
27 0.49895833333333334 0.25277777777777777 0.9375 0.3685185185185185
