0 0.88515625 0.8273148148148148 0.005729166666666666 0.14722222222222223
26 0.2046875 0.9041666666666667 0.021875 0.03796296296296296
0 0.9377604166666667 0.7847222222222222 0.005729166666666666 0.05648148148148148
12 0.21432291666666667 0.9217592592592593 0.022395833333333334 0.03796296296296296
24 0.22630208333333332 0.9046296296296297 0.022395833333333334 0.03888888888888889
24 0.2359375 0.9217592592592593 0.021875 0.03796296296296296
11 0.24765625 0.9046296296296297 0.022395833333333334 0.03888888888888889
1 0.25755208333333335 0.9217592592592593 0.022395833333333334 0.03796296296296296
19 0.26927083333333335 0.9046296296296297 0.021875 0.03888888888888889
25 0.2791666666666667 0.9217592592592593 0.021875 0.03796296296296296
19 0.2903645833333333 0.9041666666666667 0.021354166666666667 0.03796296296296296
27 0.49895833333333334 0.8300925925925926 0.9375 0.33796296296296297
