0 0.88515625 0.12222222222222222 0.005729166666666666 0.14814814814814814
8 0.7143229166666667 0.1587962962962963 0.022395833333333334 0.03796296296296296
0 0.8567708333333334 0.07685185185185185 0.00625 0.05555555555555555
8 0.7260416666666667 0.14166666666666666 0.021875 0.03888888888888889
3 0.7359375 0.1587962962962963 0.021875 0.03796296296296296
4 0.7473958333333334 0.14166666666666666 0.021875 0.03888888888888889
16 0.7575520833333333 0.1587962962962963 0.022395833333333334 0.03796296296296296
6 0.7690104166666667 0.1412037037037037 0.021354166666666667 0.03796296296296296
12 0.7794270833333333 0.1587962962962963 0.022395833333333334 0.03796296296296296
4 0.7901041666666667 0.1412037037037037 0.021875 0.03796296296296296
27 0.49895833333333334 0.1875 0.9375 0.375
