0 0.47265625 0.5740740740740741 0.019270833333333334 0.40925925925925927
3 0.31536458333333334 0.9074074074074074 0.06197916666666667 0.10555555555555556
0 0.6736979166666667 0.4513888888888889 0.0203125 0.15648148148148147
3 0.34427083333333336 0.9518518518518518 0.059375 0.09444444444444444
11 0.3768229166666667 0.9115740740740741 0.06197916666666667 0.10648148148148148
9 0.40572916666666664 0.950925925925926 0.06458333333333334 0.0962962962962963
4 0.4390625 0.9120370370370371 0.06354166666666666 0.10740740740740741
10 0.46979166666666666 0.950462962962963 0.065625 0.09722222222222222
11 0.5018229166666667 0.9120370370370371 0.0640625 0.10740740740740741
27 0.49973958333333335 0.6263888888888889 0.5692708333333333 0.7453703703703703
