26 0.840625 0.7046296296296296 0.020833333333333332 0.037037037037037035
12 0.8302083333333333 0.7226851851851852 0.021875 0.03611111111111111
23 0.8200520833333333 0.7046296296296296 0.021354166666666667 0.037037037037037035
7 0.8091145833333333 0.7222222222222222 0.021354166666666667 0.037037037037037035
17 0.79921875 0.7041666666666667 0.021354166666666667 0.03611111111111111
10 0.78828125 0.7226851851851852 0.021354166666666667 0.03611111111111111
22 0.7786458333333334 0.7041666666666667 0.021875 0.03611111111111111
12 0.7674479166666667 0.7226851851851852 0.021354166666666667 0.03796296296296296
5 0.7575520833333333 0.7037037037037037 0.021354166666666667 0.037037037037037035
27 0.5005208333333333 0.6226851851851852 0.90625 0.3416666666666667
