0 0.8768229166666667 0.37407407407407406 0.005729166666666666 0.14814814814814814
18 0.3927083333333333 0.3449074074074074 0.021875 0.03796296296296296
0 0.9174479166666667 0.32314814814814813 0.0067708333333333336 0.05555555555555555
17 0.40338541666666666 0.3263888888888889 0.022395833333333334 0.03796296296296296
6 0.41380208333333335 0.3453703703703704 0.022395833333333334 0.03888888888888889
17 0.42473958333333334 0.3263888888888889 0.022395833333333334 0.03796296296296296
22 0.4354166666666667 0.3458333333333333 0.021875 0.03796296296296296
12 0.44635416666666666 0.3263888888888889 0.021875 0.03796296296296296
9 0.45703125 0.3453703703703704 0.022395833333333334 0.03888888888888889
23 0.46796875 0.3263888888888889 0.022395833333333334 0.03796296296296296
27 0.49895833333333334 0.4166666666666667 0.9375 0.35
