0 0.27005208333333336 0.8546296296296296 0.024479166666666666 0.2740740740740741
14 0.29140625 0.7439814814814815 0.06510416666666667 0.10462962962962963
0 0.5838541666666667 0.7847222222222222 0.020833333333333332 0.1527777777777778
22 0.32734375 0.8023148148148148 0.0640625 0.10648148148148148
26 0.35598958333333336 0.7439814814814815 0.06510416666666667 0.10462962962962963
14 0.390625 0.8027777777777778 0.06354166666666666 0.10740740740740741
12 0.4205729166666667 0.7439814814814815 0.06510416666666667 0.10462962962962963
13 0.45260416666666664 0.8027777777777778 0.06145833333333333 0.10740740740740741
8 0.4828125 0.7453703703703703 0.06145833333333333 0.10555555555555556
27 0.49973958333333335 0.7564814814814815 0.5692708333333333 0.48518518518518516
