4 0.41640625 0.5560185185185185 0.021354166666666667 0.03611111111111111
5 0.5104166666666666 0.537962962962963 0.021875 0.037037037037037035
9 0.49973958333333335 0.5555555555555556 0.021354166666666667 0.037037037037037035
4 0.48932291666666666 0.537962962962963 0.021354166666666667 0.037037037037037035
23 0.47890625 0.5560185185185185 0.021354166666666667 0.03611111111111111
21 0.46848958333333335 0.537962962962963 0.021354166666666667 0.037037037037037035
23 0.45807291666666666 0.5560185185185185 0.021354166666666667 0.03611111111111111
14 0.44765625 0.537962962962963 0.021354166666666667 0.037037037037037035
12 0.43723958333333335 0.5560185185185185 0.021354166666666667 0.03611111111111111
15 0.42682291666666666 0.537962962962963 0.021354166666666667 0.037037037037037035
27 0.5005208333333333 0.47453703703703703 0.90625 0.3416666666666667
