0 0.8565104166666667 0.08101851851851852 0.005729166666666666 0.14722222222222223
6 0.4348958333333333 0.1449074074074074 0.022916666666666665 0.03796296296296296
0 0.89609375 0.03935185185185185 0.0067708333333333336 0.05648148148148148
21 0.44609375 0.1625 0.022395833333333334 0.03796296296296296
1 0.45651041666666664 0.1449074074074074 0.022395833333333334 0.03796296296296296
21 0.4674479166666667 0.1625 0.022395833333333334 0.03796296296296296
3 0.478125 0.1449074074074074 0.021875 0.03796296296296296
25 0.4890625 0.1625 0.021875 0.03796296296296296
2 0.49947916666666664 0.1449074074074074 0.021875 0.03796296296296296
1 0.5104166666666666 0.1625 0.021875 0.03796296296296296
13 0.5213541666666667 0.1449074074074074 0.021875 0.03796296296296296
27 0.49895833333333334 0.17175925925925925 0.9375 0.3435185185185185
