0 0.47265625 0.7287037037037037 0.019270833333333334 0.40925925925925927
14 0.29010416666666666 0.6069444444444444 0.06458333333333334 0.10462962962962963
0 0.50078125 0.5935185185185186 0.019270833333333334 0.1574074074074074
11 0.32578125 0.6620370370370371 0.0640625 0.10740740740740741
24 0.3541666666666667 0.6069444444444444 0.065625 0.10462962962962963
18 0.3890625 0.6625 0.06354166666666666 0.10648148148148148
6 0.41848958333333336 0.6069444444444444 0.06510416666666667 0.10462962962962963
3 0.4513020833333333 0.6625 0.06302083333333333 0.10648148148148148
13 0.4817708333333333 0.6078703703703704 0.0625 0.10462962962962963
27 0.49973958333333335 0.7037037037037037 0.5692708333333333 0.5907407407407408
