0 0.49973958333333335 0.47314814814814815 0.019270833333333334 0.4185185185185185
5 0.32421875 0.35324074074074074 0.0640625 0.10648148148148148
0 0.328125 0.3453703703703704 0.021875 0.1574074074074074
1 0.35234375 0.40879629629629627 0.06510416666666667 0.10462962962962963
24 0.38723958333333336 0.35324074074074074 0.0640625 0.10648148148148148
6 0.41692708333333334 0.40879629629629627 0.06510416666666667 0.10462962962962963
25 0.45 0.3537037037037037 0.06354166666666666 0.10740740740740741
3 0.48072916666666665 0.40879629629629627 0.06354166666666666 0.10462962962962963
7 0.5114583333333333 0.3541666666666667 0.06041666666666667 0.10648148148148148
6 0.5419270833333333 0.4074074074074074 0.059895833333333336 0.10555555555555556
27 0.49973958333333335 0.5726851851851852 0.5692708333333333 0.8527777777777777
