0 0.9372395833333333 0.3962962962962963 0.0067708333333333336 0.14814814814814814
12 0.12734375 0.46064814814814814 0.021354166666666667 0.03796296296296296
0 0.9260416666666667 0.37453703703703706 0.00625 0.05648148148148148
4 0.13697916666666668 0.44212962962962965 0.022916666666666665 0.03796296296296296
3 0.14817708333333332 0.46064814814814814 0.021354166666666667 0.03796296296296296
4 0.159375 0.44212962962962965 0.022916666666666665 0.03796296296296296
25 0.16927083333333334 0.46111111111111114 0.021875 0.03888888888888889
8 0.18098958333333334 0.44212962962962965 0.022395833333333334 0.03796296296296296
15 0.190625 0.46064814814814814 0.021875 0.03796296296296296
27 0.49895833333333334 0.4398148148148148 0.9375 0.3537037037037037
