22 0.4010416666666667 0.3300925925925926 0.021875 0.03611111111111111
13 0.4953125 0.31203703703703706 0.021875 0.037037037037037035
13 0.48489583333333336 0.3296296296296296 0.021875 0.037037037037037035
10 0.4744791666666667 0.31203703703703706 0.021875 0.037037037037037035
21 0.46380208333333334 0.3296296296296296 0.021354166666666667 0.037037037037037035
13 0.45338541666666665 0.31157407407407406 0.021354166666666667 0.03611111111111111
24 0.44296875 0.3300925925925926 0.021354166666666667 0.03611111111111111
19 0.4328125 0.31203703703703706 0.021875 0.037037037037037035
3 0.42213541666666665 0.3300925925925926 0.021354166666666667 0.03611111111111111
15 0.41171875 0.31157407407407406 0.021354166666666667 0.03611111111111111
27 0.5005208333333333 0.4217592592592593 0.90625 0.3416666666666667
