0 0.9046875 0.16527777777777777 0.005208333333333333 0.14722222222222223
8 0.5138020833333333 0.26805555555555555 0.022395833333333334 0.03796296296296296
0 0.8854166666666666 0.11990740740740741 0.00625 0.05648148148148148
19 0.5244791666666667 0.2875 0.021875 0.03796296296296296
19 0.5354166666666667 0.26805555555555555 0.021875 0.03796296296296296
18 0.54609375 0.2865740740740741 0.022395833333333334 0.03796296296296296
1 0.55703125 0.2689814814814815 0.022395833333333334 0.03796296296296296
17 0.5677083333333334 0.2865740740740741 0.021875 0.03796296296296296
1 0.5786458333333333 0.2689814814814815 0.021875 0.03796296296296296
14 0.5890625 0.2865740740740741 0.021875 0.03796296296296296
19 0.6002604166666666 0.2689814814814815 0.022395833333333334 0.03796296296296296
27 0.49895833333333334 0.2212962962962963 0.9375 0.37592592592592594
