23 0.26953125 0.14444444444444443 0.021354166666666667 0.037037037037037035
19 0.25859375 0.16296296296296298 0.021354166666666667 0.037037037037037035
10 0.24869791666666666 0.14444444444444443 0.021354166666666667 0.037037037037037035
2 0.23828125 0.16296296296296298 0.021354166666666667 0.037037037037037035
25 0.22760416666666666 0.14537037037037037 0.021875 0.037037037037037035
19 0.21744791666666666 0.1625 0.021354166666666667 0.03611111111111111
10 0.20651041666666667 0.14537037037037037 0.021354166666666667 0.037037037037037035
5 0.19661458333333334 0.1625 0.021354166666666667 0.03611111111111111
6 0.18541666666666667 0.14537037037037037 0.021875 0.037037037037037035
27 0.5005208333333333 0.21481481481481482 0.90625 0.3574074074074074
