0 0.9375 0.5944444444444444 0.00625 0.14814814814814814
9 0.78515625 0.7189814814814814 0.022395833333333334 0.03796296296296296
0 0.9052083333333333 0.5444444444444444 0.00625 0.05555555555555555
22 0.79453125 0.7013888888888888 0.022395833333333334 0.03796296296296296
24 0.8065104166666667 0.7189814814814814 0.022395833333333334 0.03796296296296296
25 0.8158854166666667 0.7013888888888888 0.022395833333333334 0.03796296296296296
13 0.8283854166666667 0.7189814814814814 0.022395833333333334 0.03796296296296296
26 0.8375 0.700925925925926 0.021875 0.03888888888888889
5 0.85 0.7189814814814814 0.021875 0.03981481481481482
4 0.8591145833333333 0.700925925925926 0.0234375 0.03888888888888889
27 0.49895833333333334 0.6402777777777777 0.9375 0.3527777777777778
