0 0.8953125 0.5287037037037037 0.007291666666666667 0.14814814814814814
20 0.7143229166666667 0.6375 0.022395833333333334 0.03796296296296296
0 0.92578125 0.5069444444444444 0.005729166666666666 0.05648148148148148
10 0.7260416666666667 0.6185185185185185 0.021875 0.03888888888888889
18 0.7359375 0.6375 0.021875 0.03796296296296296
11 0.74765625 0.6185185185185185 0.022395833333333334 0.03888888888888889
20 0.7572916666666667 0.6375 0.021875 0.03796296296296296
14 0.7692708333333333 0.6185185185185185 0.021875 0.03888888888888889
3 0.7791666666666667 0.6375 0.022916666666666665 0.03796296296296296
17 0.7901041666666667 0.6185185185185185 0.021875 0.03888888888888889
27 0.49895833333333334 0.5745370370370371 0.9375 0.3527777777777778
