0 0.4158854166666667 0.5939814814814814 0.021354166666666667 0.4101851851851852
8 0.31197916666666664 0.500462962962963 0.0625 0.10462962962962963
0 0.44192708333333336 0.4708333333333333 0.025520833333333333 0.15648148148148147
22 0.34296875 0.4486111111111111 0.058854166666666666 0.10648148148148148
15 0.3731770833333333 0.5009259259259259 0.0609375 0.10555555555555556
6 0.40234375 0.449537037037037 0.0609375 0.10462962962962963
16 0.434375 0.5013888888888889 0.0625 0.10648148148148148
21 0.46484375 0.449537037037037 0.06510416666666667 0.10462962962962963
25 0.496875 0.5009259259259259 0.06354166666666666 0.10740740740740741
27 0.49973958333333335 0.6347222222222222 0.5692708333333333 0.7287037037037037
