0 0.8658854166666666 0.7467592592592592 0.005729166666666666 0.14722222222222223
3 0.48515625 0.7893518518518519 0.022395833333333334 0.03796296296296296
0 0.8854166666666666 0.7018518518518518 0.00625 0.05555555555555555
15 0.49583333333333335 0.7699074074074074 0.021875 0.03796296296296296
7 0.5065104166666666 0.7898148148148149 0.022395833333333334 0.03888888888888889
20 0.5171875 0.7699074074074074 0.021875 0.03796296296296296
9 0.5278645833333333 0.7898148148148149 0.022395833333333334 0.03888888888888889
10 0.5388020833333333 0.7699074074074074 0.022395833333333334 0.03796296296296296
11 0.54921875 0.7898148148148149 0.022395833333333334 0.03888888888888889
27 0.49895833333333334 0.7837962962962963 0.9375 0.3768518518518518
