21 0.18619791666666666 0.6652777777777777 0.021354166666666667 0.03611111111111111
6 0.28046875 0.6476851851851851 0.021354166666666667 0.03611111111111111
16 0.27057291666666666 0.6657407407407407 0.021354166666666667 0.037037037037037035
13 0.2596354166666667 0.6476851851851851 0.021354166666666667 0.03611111111111111
10 0.24973958333333332 0.6657407407407407 0.021354166666666667 0.037037037037037035
26 0.23880208333333333 0.6476851851851851 0.021354166666666667 0.03611111111111111
14 0.22864583333333333 0.6657407407407407 0.021875 0.037037037037037035
26 0.21822916666666667 0.6481481481481481 0.020833333333333332 0.037037037037037035
6 0.20729166666666668 0.6657407407407407 0.021875 0.037037037037037035
20 0.19765625 0.6481481481481481 0.021354166666666667 0.037037037037037035
27 0.5005208333333333 0.7537037037037037 0.90625 0.3537037037037037
