0 0.92578125 0.7412037037037037 0.005729166666666666 0.14722222222222223
18 0.5736979166666667 0.8527777777777777 0.022395833333333334 0.03888888888888889
26 0.47682291666666665 0.8328703703703704 0.022395833333333334 0.03796296296296296
0 0.87734375 0.6726851851851852 0.005729166666666666 0.05648148148148148
3 0.4875 0.8532407407407407 0.021875 0.03796296296296296
18 0.4984375 0.8328703703703704 0.021875 0.03796296296296296
1 0.5091145833333334 0.8532407407407407 0.022395833333333334 0.03796296296296296
13 0.5200520833333333 0.8328703703703704 0.022395833333333334 0.03796296296296296
3 0.5307291666666667 0.8532407407407407 0.021875 0.03796296296296296
9 0.54140625 0.8328703703703704 0.022395833333333334 0.03796296296296296
24 0.55234375 0.8532407407407407 0.022395833333333334 0.03796296296296296
21 0.56328125 0.8328703703703704 0.022395833333333334 0.03796296296296296
27 0.49895833333333334 0.7555555555555555 0.9375 0.37037037037037035
