0 0.6731770833333334 0.1763888888888889 0.019270833333333334 0.3527777777777778
2 0.4432291666666667 0.5138888888888888 0.06354166666666666 0.10740740740740741
0 0.3859375 0.05092592592592592 0.020833333333333332 0.10185185185185185
14 0.47421875 0.5652777777777778 0.06510416666666667 0.10462962962962963
23 0.50625 0.5138888888888888 0.06354166666666666 0.10740740740740741
19 0.5380208333333333 0.5652777777777778 0.06354166666666666 0.10462962962962963
10 0.56796875 0.5143518518518518 0.0609375 0.10648148148148148
5 0.5986979166666667 0.5657407407407408 0.059895833333333336 0.10555555555555556
20 0.628125 0.5138888888888888 0.06145833333333333 0.10555555555555556
8 0.65703125 0.5662037037037037 0.058854166666666666 0.10648148148148148
27 0.49973958333333335 0.41805555555555557 0.5692708333333333 0.8361111111111111
