1 0.11953125 0.12685185185185185 0.021354166666666667 0.037037037037037035
1 0.21380208333333334 0.10833333333333334 0.021354166666666667 0.037037037037037035
19 0.20260416666666667 0.12731481481481483 0.021875 0.03611111111111111
23 0.19296875 0.10833333333333334 0.021354166666666667 0.037037037037037035
4 0.18151041666666667 0.12731481481481483 0.021354166666666667 0.03611111111111111
15 0.17213541666666668 0.10833333333333334 0.021354166666666667 0.037037037037037035
22 0.16067708333333333 0.12731481481481483 0.021354166666666667 0.03611111111111111
23 0.15130208333333334 0.10833333333333334 0.021354166666666667 0.037037037037037035
12 0.13984375 0.12731481481481483 0.021354166666666667 0.03611111111111111
9 0.13020833333333334 0.1087962962962963 0.021875 0.03611111111111111
27 0.5005208333333333 0.19398148148148148 0.90625 0.36018518518518516
