0 0.9174479166666667 0.5703703703703704 0.005729166666666666 0.14814814814814814
24 0.5114583333333333 0.6925925925925925 0.021875 0.03888888888888889
0 0.9049479166666666 0.5222222222222223 0.005729166666666666 0.05555555555555555
4 0.5221354166666666 0.6731481481481482 0.022395833333333334 0.03888888888888889
4 0.5328125 0.6921296296296297 0.021875 0.03796296296296296
15 0.54375 0.6731481481481482 0.021875 0.03888888888888889
25 0.5544270833333333 0.6921296296296297 0.022395833333333334 0.03796296296296296
26 0.5651041666666666 0.6731481481481482 0.021875 0.03888888888888889
18 0.5760416666666667 0.6921296296296297 0.021875 0.03796296296296296
27 0.49895833333333334 0.6162037037037037 0.9375 0.3527777777777778
