0 0.3848958333333333 0.2300925925925926 0.019791666666666666 0.41944444444444445
26 0.5994791666666667 0.6166666666666667 0.059375 0.10555555555555556
8 0.32109375 0.5652777777777778 0.06302083333333333 0.10648148148148148
0 0.5557291666666667 0.10324074074074074 0.020833333333333332 0.15648148148148147
19 0.34869791666666666 0.6152777777777778 0.06510416666666667 0.10462962962962963
18 0.38359375 0.5652777777777778 0.0640625 0.10648148148148148
26 0.41328125 0.6152777777777778 0.06510416666666667 0.10462962962962963
18 0.446875 0.5648148148148148 0.06354166666666666 0.10740740740740741
19 0.4778645833333333 0.6152777777777778 0.06510416666666667 0.10462962962962963
22 0.5091145833333334 0.5648148148148148 0.06197916666666667 0.10740740740740741
25 0.5401041666666667 0.6157407407407407 0.06145833333333333 0.10555555555555556
21 0.56953125 0.5648148148148148 0.0609375 0.10555555555555556
27 0.49973958333333335 0.46064814814814814 0.5692708333333333 0.9212962962962963
