0 0.49973958333333335 0.812037037037037 0.019270833333333334 0.37407407407407406
22 0.32578125 0.649537037037037 0.0640625 0.10648148148148148
0 0.5833333333333334 0.6953703703703704 0.017708333333333333 0.1537037037037037
4 0.35390625 0.6976851851851852 0.06510416666666667 0.10462962962962963
11 0.3890625 0.65 0.06354166666666666 0.10740740740740741
21 0.41848958333333336 0.6981481481481482 0.06510416666666667 0.1037037037037037
24 0.4513020833333333 0.65 0.06302083333333333 0.10740740740740741
2 0.4817708333333333 0.6986111111111111 0.0625 0.10462962962962963
18 0.5122395833333333 0.649074074074074 0.059895833333333336 0.10555555555555556
10 0.5424479166666667 0.700925925925926 0.059895833333333336 0.10555555555555556
1 0.5723958333333333 0.6476851851851851 0.06145833333333333 0.10462962962962963
27 0.49973958333333335 0.750462962962963 0.5692708333333333 0.49722222222222223
