0 0.38385416666666666 0.49166666666666664 0.021875 0.4185185185185185
24 0.30885416666666665 0.712037037037037 0.06458333333333334 0.10555555555555556
0 0.41744791666666664 0.3699074074074074 0.0203125 0.15462962962962962
16 0.3424479166666667 0.663425925925926 0.058854166666666666 0.10648148148148148
4 0.37109375 0.7143518518518519 0.06197916666666667 0.10648148148148148
25 0.4005208333333333 0.6620370370370371 0.059375 0.10555555555555556
8 0.43203125 0.7162037037037037 0.0609375 0.10648148148148148
24 0.46171875 0.6606481481481481 0.0640625 0.10462962962962963
15 0.4934895833333333 0.7171296296296297 0.0640625 0.10648148148148148
27 0.49973958333333335 0.5824074074074074 0.5692708333333333 0.8333333333333334
