0 0.88515625 0.36666666666666664 0.005729166666666666 0.14814814814814814
2 0.7408854166666666 0.4527777777777778 0.022395833333333334 0.037037037037037035
3 0.64375 0.43425925925925923 0.021875 0.03888888888888889
0 0.8963541666666667 0.31712962962962965 0.00625 0.05648148148148148
14 0.6536458333333334 0.45231481481481484 0.021875 0.03796296296296296
20 0.6651041666666667 0.4337962962962963 0.021875 0.03796296296296296
13 0.6752604166666667 0.45231481481481484 0.022395833333333334 0.03796296296296296
14 0.6869791666666667 0.43472222222222223 0.021875 0.03796296296296296
24 0.6971354166666667 0.45231481481481484 0.022395833333333334 0.03796296296296296
13 0.7083333333333334 0.4337962962962963 0.021875 0.03796296296296296
9 0.7190104166666667 0.4527777777777778 0.022395833333333334 0.03888888888888889
17 0.7294270833333333 0.4337962962962963 0.021354166666666667 0.03796296296296296
27 0.49895833333333334 0.41064814814814815 0.9375 0.3527777777777778
