0 0.8768229166666667 0.825 0.005729166666666666 0.14814814814814814
5 0.59140625 0.9486111111111111 0.022395833333333334 0.03796296296296296
0 0.9177083333333333 0.7754629629629629 0.00625 0.05648148148148148
10 0.6026041666666667 0.9652777777777778 0.021875 0.03796296296296296
23 0.6127604166666667 0.9486111111111111 0.022395833333333334 0.03796296296296296
8 0.62421875 0.9652777777777778 0.022395833333333334 0.03796296296296296
1 0.634375 0.9486111111111111 0.021875 0.03796296296296296
21 0.6458333333333334 0.9652777777777778 0.021875 0.03796296296296296
23 0.6559895833333333 0.9486111111111111 0.022395833333333334 0.03796296296296296
13 0.6671875 0.9657407407407408 0.021875 0.03888888888888889
2 0.6778645833333333 0.9476851851851852 0.022395833333333334 0.03796296296296296
27 0.49895833333333334 0.8277777777777777 0.9375 0.3425925925925926
