0 0.30416666666666664 0.40694444444444444 0.017708333333333333 0.4101851851851852
3 0.34010416666666665 0.5231481481481481 0.06145833333333333 0.10740740740740741
0 0.36015625 0.2851851851851852 0.0203125 0.1537037037037037
18 0.36822916666666666 0.5745370370370371 0.0625 0.10462962962962963
6 0.39947916666666666 0.5226851851851851 0.059375 0.10648148148148148
9 0.42942708333333335 0.575 0.0609375 0.10555555555555556
17 0.4591145833333333 0.5226851851851851 0.0609375 0.10462962962962963
22 0.48984375 0.575925925925926 0.06197916666666667 0.10740740740740741
2 0.52109375 0.5226851851851851 0.06510416666666667 0.10462962962962963
11 0.5520833333333334 0.575925925925926 0.06354166666666666 0.10740740740740741
11 0.5856770833333333 0.5226851851851851 0.06510416666666667 0.10462962962962963
27 0.49973958333333335 0.5347222222222222 0.5692708333333333 0.9287037037037037
