0 0.9247395833333333 0.549537037037037 0.0067708333333333336 0.14722222222222223
14 0.27838541666666666 0.6449074074074074 0.022395833333333334 0.03796296296296296
0 0.8828125 0.4740740740740741 0.010416666666666666 0.05555555555555555
11 0.29010416666666666 0.6273148148148148 0.021875 0.03796296296296296
16 0.30026041666666664 0.6449074074074074 0.022395833333333334 0.03796296296296296
25 0.3111979166666667 0.6263888888888889 0.021354166666666667 0.03796296296296296
25 0.3221354166666667 0.6453703703703704 0.022395833333333334 0.03888888888888889
5 0.33229166666666665 0.6263888888888889 0.021875 0.03796296296296296
17 0.34375 0.6453703703703704 0.021875 0.03888888888888889
1 0.35390625 0.6263888888888889 0.022395833333333334 0.03796296296296296
27 0.49895833333333334 0.5675925925925925 0.9375 0.3537037037037037
