0 0.9174479166666667 0.29074074074074074 0.005729166666666666 0.14814814814814814
18 0.14947916666666666 0.23148148148148148 0.021875 0.03888888888888889
0 0.8661458333333333 0.2412037037037037 0.00625 0.05648148148148148
1 0.16171875 0.24861111111111112 0.022395833333333334 0.03796296296296296
11 0.17109375 0.23148148148148148 0.022395833333333334 0.03888888888888889
5 0.18333333333333332 0.2490740740740741 0.021875 0.03888888888888889
4 0.19270833333333334 0.23148148148148148 0.022916666666666665 0.03888888888888889
24 0.2046875 0.24861111111111112 0.021875 0.03796296296296296
5 0.21432291666666667 0.2310185185185185 0.022395833333333334 0.03796296296296296
5 0.22604166666666667 0.2490740740740741 0.021875 0.03888888888888889
22 0.2359375 0.2310185185185185 0.021875 0.03796296296296296
27 0.49895833333333334 0.3333333333333333 0.9375 0.3537037037037037
