0 0.3265625 0.32083333333333336 0.019791666666666666 0.41944444444444445
9 0.29973958333333334 0.5199074074074074 0.06510416666666667 0.10462962962962963
0 0.5557291666666667 0.18101851851851852 0.020833333333333332 0.15648148148148147
3 0.3359375 0.5736111111111111 0.06354166666666666 0.10648148148148148
6 0.36432291666666666 0.5199074074074074 0.06510416666666667 0.10462962962962963
20 0.39739583333333334 0.5736111111111111 0.06041666666666667 0.10648148148148148
14 0.42682291666666666 0.5203703703703704 0.0609375 0.10555555555555556
2 0.45677083333333335 0.5726851851851852 0.059375 0.10648148148148148
2 0.4869791666666667 0.5203703703703704 0.06041666666666667 0.10555555555555556
7 0.5171875 0.5717592592592593 0.0625 0.10462962962962963
2 0.54765625 0.5208333333333334 0.06302083333333333 0.10648148148148148
27 0.49973958333333335 0.49953703703703706 0.5692708333333333 0.9990740740740741
