0 0.9046875 0.20092592592592592 0.005208333333333333 0.14814814814814814
6 0.06770833333333333 0.26805555555555555 0.021875 0.03796296296296296
0 0.92578125 0.17916666666666667 0.005729166666666666 0.05648148148148148
5 0.08020833333333334 0.24861111111111112 0.021875 0.03796296296296296
8 0.08932291666666667 0.26805555555555555 0.022395833333333334 0.03796296296296296
26 0.10182291666666667 0.24861111111111112 0.022395833333333334 0.03796296296296296
13 0.11067708333333333 0.26805555555555555 0.022395833333333334 0.03796296296296296
22 0.12317708333333334 0.24861111111111112 0.022395833333333334 0.03796296296296296
23 0.13255208333333332 0.26805555555555555 0.022395833333333334 0.03796296296296296
23 0.14479166666666668 0.24861111111111112 0.021875 0.03796296296296296
27 0.49895833333333334 0.2518518518518518 0.9375 0.3685185185185185
