0 0.8848958333333333 0.36157407407407405 0.00625 0.14722222222222223
16 0.8104166666666667 0.39814814814814814 0.021875 0.03888888888888889
0 0.86640625 0.31574074074074077 0.0046875 0.05555555555555555
11 0.8216145833333334 0.37916666666666665 0.022395833333333334 0.03796296296296296
26 0.83125 0.39814814814814814 0.021875 0.03888888888888889
11 0.8434895833333333 0.37916666666666665 0.022395833333333334 0.03796296296296296
25 0.8526041666666667 0.3976851851851852 0.021875 0.03796296296296296
19 0.86484375 0.37962962962962965 0.022395833333333334 0.03888888888888889
12 0.8739583333333333 0.3976851851851852 0.021875 0.03796296296296296
27 0.49895833333333334 0.4097222222222222 0.9375 0.3527777777777778
