23 0.7526041666666666 0.44305555555555554 0.021875 0.03611111111111111
11 0.7419270833333333 0.46111111111111114 0.021354166666666667 0.037037037037037035
5 0.7315104166666667 0.44305555555555554 0.021354166666666667 0.03611111111111111
1 0.7213541666666666 0.46111111111111114 0.020833333333333332 0.037037037037037035
9 0.7104166666666667 0.44305555555555554 0.021875 0.03611111111111111
24 0.7002604166666667 0.46111111111111114 0.021354166666666667 0.037037037037037035
10 0.6895833333333333 0.44305555555555554 0.021875 0.03611111111111111
17 0.6794270833333333 0.46111111111111114 0.021354166666666667 0.037037037037037035
13 0.6684895833333333 0.44305555555555554 0.021354166666666667 0.03611111111111111
27 0.5005208333333333 0.36435185185185187 0.90625 0.3416666666666667
