0 0.8661458333333333 0.28703703703703703 0.005208333333333333 0.14814814814814814
2 0.26614583333333336 0.4236111111111111 0.021875 0.03796296296296296
0 0.8567708333333334 0.24444444444444444 0.00625 0.05555555555555555
1 0.2760416666666667 0.4050925925925926 0.021875 0.03796296296296296
22 0.28802083333333334 0.4236111111111111 0.021875 0.03796296296296296
19 0.29765625 0.4050925925925926 0.022395833333333334 0.03796296296296296
6 0.309375 0.4236111111111111 0.021875 0.03796296296296296
19 0.31953125 0.4050925925925926 0.022395833333333334 0.03796296296296296
8 0.3307291666666667 0.4236111111111111 0.021875 0.03796296296296296
4 0.34088541666666666 0.4050925925925926 0.022395833333333334 0.03796296296296296
27 0.49895833333333334 0.3333333333333333 0.9375 0.3537037037037037
