0 0.8565104166666667 0.08888888888888889 0.005729166666666666 0.14814814814814814
12 0.8536458333333333 0.09490740740740741 0.021875 0.03796296296296296
0 0.87734375 0.04675925925925926 0.0067708333333333336 0.05648148148148148
17 0.8658854166666666 0.11481481481481481 0.022395833333333334 0.037037037037037035
21 0.875 0.09444444444444444 0.021875 0.03888888888888889
11 0.8875 0.11481481481481481 0.021875 0.03888888888888889
26 0.8966145833333333 0.09490740740740741 0.022395833333333334 0.03796296296296296
10 0.9091145833333333 0.11435185185185186 0.022395833333333334 0.03796296296296296
11 0.9182291666666667 0.09490740740740741 0.021875 0.03796296296296296
9 0.9307291666666667 0.11481481481481481 0.021875 0.037037037037037035
27 0.49895833333333334 0.17453703703703705 0.9375 0.3490740740740741
