1 0.5854166666666667 0.8439814814814814 0.021875 0.03611111111111111
22 0.5752604166666667 0.8611111111111112 0.021354166666666667 0.037037037037037035
3 0.5645833333333333 0.8435185185185186 0.020833333333333332 0.037037037037037035
5 0.5541666666666667 0.8611111111111112 0.021875 0.037037037037037035
2 0.54375 0.8435185185185186 0.021875 0.037037037037037035
9 0.5330729166666667 0.862037037037037 0.021354166666666667 0.037037037037037035
19 0.52265625 0.8430555555555556 0.021354166666666667 0.03611111111111111
13 0.5122395833333333 0.862037037037037 0.021354166666666667 0.037037037037037035
23 0.5018229166666667 0.8430555555555556 0.021354166666666667 0.03611111111111111
27 0.5005208333333333 0.8324074074074074 0.90625 0.3333333333333333
