7 0.6794270833333333 0.3453703703703704 0.021354166666666667 0.037037037037037035
21 0.7736979166666667 0.3277777777777778 0.021354166666666667 0.037037037037037035
21 0.7622395833333333 0.3453703703703704 0.021354166666666667 0.037037037037037035
4 0.7526041666666666 0.32731481481481484 0.021875 0.03611111111111111
19 0.7419270833333333 0.3449074074074074 0.021354166666666667 0.03611111111111111
3 0.73125 0.32685185185185184 0.021875 0.037037037037037035
18 0.72109375 0.3453703703703704 0.021354166666666667 0.037037037037037035
23 0.71015625 0.32685185185185184 0.021354166666666667 0.037037037037037035
24 0.7002604166666667 0.3449074074074074 0.021354166666666667 0.03611111111111111
4 0.6893229166666667 0.32685185185185184 0.021354166666666667 0.037037037037037035
27 0.5005208333333333 0.44305555555555554 0.90625 0.3416666666666667
