0 0.9046875 0.712037037037037 0.005208333333333333 0.14814814814814814
21 0.8848958333333333 0.8532407407407407 0.021875 0.03796296296296296
22 0.7875 0.8347222222222223 0.021875 0.03796296296296296
0 0.86640625 0.662962962962963 0.0067708333333333336 0.05555555555555555
26 0.7971354166666667 0.8541666666666666 0.022395833333333334 0.03796296296296296
5 0.8091145833333333 0.8347222222222223 0.022395833333333334 0.03796296296296296
17 0.8190104166666666 0.8541666666666666 0.022395833333333334 0.03796296296296296
25 0.83046875 0.8347222222222223 0.021354166666666667 0.03796296296296296
5 0.8411458333333334 0.8537037037037037 0.022916666666666665 0.03888888888888889
14 0.8513020833333333 0.8356481481481481 0.021354166666666667 0.03796296296296296
16 0.86328125 0.8532407407407407 0.022395833333333334 0.03796296296296296
19 0.8723958333333334 0.8356481481481481 0.021875 0.03796296296296296
27 0.49895833333333334 0.7518518518518519 0.9375 0.37037037037037035
