0 0.6140625 0.7157407407407408 0.019791666666666666 0.4185185185185185
9 0.2989583333333333 0.7097222222222223 0.065625 0.10462962962962963
0 0.47291666666666665 0.5837962962962963 0.019791666666666666 0.1527777777777778
16 0.33515625 0.7675925925925926 0.0640625 0.10740740740740741
25 0.36354166666666665 0.7101851851851851 0.065625 0.10555555555555556
9 0.3966145833333333 0.7675925925925926 0.0609375 0.10740740740740741
21 0.4265625 0.7111111111111111 0.06145833333333333 0.10555555555555556
23 0.45651041666666664 0.7652777777777777 0.059895833333333336 0.10648148148148148
7 0.4864583333333333 0.7134259259259259 0.06041666666666667 0.10648148148148148
27 0.49973958333333335 0.6972222222222222 0.5692708333333333 0.6037037037037037
