0 0.6940104166666666 0.5217592592592593 0.018229166666666668 0.4101851851851852
19 0.30963541666666666 0.5439814814814815 0.0640625 0.10462962962962963
0 0.584375 0.39351851851851855 0.023958333333333335 0.1537037037037037
16 0.3424479166666667 0.4925925925925926 0.058854166666666666 0.10740740740740741
2 0.371875 0.5449074074074074 0.06145833333333333 0.10648148148148148
8 0.40078125 0.4925925925925926 0.059895833333333336 0.10555555555555556
13 0.4322916666666667 0.5453703703703704 0.06145833333333333 0.10740740740740741
21 0.4622395833333333 0.4930555555555556 0.0640625 0.10462962962962963
3 0.4942708333333333 0.5453703703703704 0.06354166666666666 0.10740740740740741
15 0.5263020833333333 0.4930555555555556 0.06510416666666667 0.10462962962962963
21 0.5572916666666666 0.5458333333333333 0.06354166666666666 0.10648148148148148
27 0.49973958333333335 0.5912037037037037 0.5692708333333333 0.8157407407407408
