0 0.9169270833333333 0.1638888888888889 0.0067708333333333336 0.14814814814814814
24 0.5723958333333333 0.21574074074074073 0.021875 0.03888888888888889
0 0.85703125 0.11805555555555555 0.0078125 0.05648148148148148
2 0.58359375 0.1986111111111111 0.022395833333333334 0.03796296296296296
12 0.5940104166666667 0.21574074074074073 0.022395833333333334 0.03888888888888889
24 0.6052083333333333 0.1986111111111111 0.021875 0.03796296296296296
5 0.615625 0.2162037037037037 0.021875 0.03796296296296296
9 0.6268229166666667 0.19768518518518519 0.022395833333333334 0.03796296296296296
15 0.6372395833333333 0.2162037037037037 0.022395833333333334 0.03796296296296296
2 0.6479166666666667 0.19768518518518519 0.021875 0.03796296296296296
27 0.49895833333333334 0.2222222222222222 0.9375 0.37592592592592594
