0 0.8565104166666667 0.5537037037037037 0.005729166666666666 0.14814814814814814
17 0.32864583333333336 0.5810185185185185 0.021875 0.03796296296296296
0 0.9375 0.5060185185185185 0.00625 0.05648148148148148
21 0.33880208333333334 0.5625 0.022395833333333334 0.03796296296296296
19 0.3502604166666667 0.5810185185185185 0.022395833333333334 0.03796296296296296
12 0.36041666666666666 0.5625 0.021875 0.03796296296296296
24 0.371875 0.5810185185185185 0.021875 0.03796296296296296
17 0.38203125 0.5625 0.022395833333333334 0.03796296296296296
6 0.39296875 0.5810185185185185 0.022395833333333334 0.03796296296296296
21 0.4041666666666667 0.5625 0.021875 0.03796296296296296
27 0.49895833333333334 0.6013888888888889 0.9375 0.3527777777777778
