2 0.23098958333333333 0.7847222222222222 0.021354166666666667 0.03611111111111111
12 0.21953125 0.8018518518518518 0.021354166666666667 0.037037037037037035
1 0.20963541666666666 0.7847222222222222 0.021354166666666667 0.03611111111111111
8 0.19895833333333332 0.8018518518518518 0.020833333333333332 0.037037037037037035
23 0.18854166666666666 0.7842592592592592 0.021875 0.037037037037037035
5 0.178125 0.8023148148148148 0.020833333333333332 0.03611111111111111
17 0.16744791666666667 0.7837962962962963 0.021354166666666667 0.03611111111111111
5 0.15755208333333334 0.8023148148148148 0.021354166666666667 0.03611111111111111
26 0.14635416666666667 0.7837962962962963 0.021875 0.03611111111111111
27 0.5005208333333333 0.8305555555555556 0.90625 0.337037037037037
