0 0.9375 0.2824074074074074 0.00625 0.14814814814814814
17 0.546875 0.28379629629629627 0.021875 0.03796296296296296
0 0.9046875 0.23657407407407408 0.005208333333333333 0.05648148148148148
8 0.5580729166666667 0.30324074074074076 0.022395833333333334 0.03796296296296296
2 0.5682291666666667 0.2833333333333333 0.021875 0.03888888888888889
9 0.5796875 0.30324074074074076 0.021875 0.03796296296296296
22 0.5901041666666667 0.2833333333333333 0.021875 0.03888888888888889
10 0.6013020833333333 0.30324074074074076 0.022395833333333334 0.03796296296296296
26 0.6114583333333333 0.28379629629629627 0.021875 0.03796296296296296
3 0.62265625 0.30324074074074076 0.022395833333333334 0.03796296296296296
3 0.6330729166666667 0.28379629629629627 0.022395833333333334 0.03796296296296296
27 0.49895833333333334 0.32546296296296295 0.9375 0.3527777777777778
