2 0.79609375 0.8305555555555556 0.021354166666666667 0.037037037037037035
23 0.8895833333333333 0.812962962962963 0.021875 0.037037037037037035
20 0.8794270833333333 0.8305555555555556 0.021354166666666667 0.037037037037037035
6 0.8682291666666667 0.812962962962963 0.021875 0.037037037037037035
9 0.85859375 0.8305555555555556 0.021354166666666667 0.037037037037037035
19 0.8473958333333333 0.8134259259259259 0.021875 0.03611111111111111
20 0.8377604166666667 0.8305555555555556 0.021354166666666667 0.037037037037037035
8 0.8263020833333333 0.8134259259259259 0.021354166666666667 0.03611111111111111
25 0.8169270833333333 0.8300925925925926 0.021354166666666667 0.03611111111111111
22 0.80546875 0.812962962962963 0.021354166666666667 0.037037037037037035
27 0.5005208333333333 0.8319444444444445 0.90625 0.33425925925925926
