0 0.9174479166666667 0.637962962962963 0.005729166666666666 0.14814814814814814
24 0.45286458333333335 0.6833333333333333 0.022395833333333334 0.03888888888888889
0 0.8770833333333333 0.5912037037037037 0.005208333333333333 0.05648148148148148
18 0.4635416666666667 0.7013888888888888 0.021875 0.03796296296296296
8 0.47421875 0.6828703703703703 0.022395833333333334 0.03796296296296296
11 0.48515625 0.7018518518518518 0.022395833333333334 0.03888888888888889
3 0.49583333333333335 0.6828703703703703 0.021875 0.03796296296296296
24 0.5067708333333333 0.7023148148148148 0.021875 0.03796296296296296
13 0.5174479166666667 0.6828703703703703 0.022395833333333334 0.03796296296296296
4 0.528125 0.7023148148148148 0.021875 0.03796296296296296
8 0.5393229166666667 0.6828703703703703 0.022395833333333334 0.03796296296296296
27 0.49895833333333334 0.6824074074074075 0.9375 0.3537037037037037
