0 0.8768229166666667 0.3675925925925926 0.005729166666666666 0.14814814814814814
23 0.28880208333333335 0.44675925925925924 0.022395833333333334 0.03796296296296296
0 0.9375 0.324537037037037 0.00625 0.05648148148148148
24 0.2986979166666667 0.4652777777777778 0.022395833333333334 0.03796296296296296
11 0.31015625 0.44675925925925924 0.022395833333333334 0.03796296296296296
24 0.32057291666666665 0.4652777777777778 0.022395833333333334 0.03796296296296296
11 0.33125 0.44675925925925924 0.021875 0.03796296296296296
14 0.3419270833333333 0.4652777777777778 0.022395833333333334 0.03796296296296296
23 0.35260416666666666 0.44675925925925924 0.021875 0.03796296296296296
4 0.36380208333333336 0.4652777777777778 0.022395833333333334 0.03796296296296296
5 0.37421875 0.44675925925925924 0.022395833333333334 0.03796296296296296
27 0.49895833333333334 0.41435185185185186 0.9375 0.3527777777777778
