0 0.8958333333333334 0.8953703703703704 0.00625 0.14814814814814814
9 0.6098958333333333 0.9425925925925925 0.021875 0.03888888888888889
0 0.9049479166666666 0.8481481481481481 0.005729166666666666 0.05555555555555555
6 0.62109375 0.9587962962962963 0.022395833333333334 0.03796296296296296
8 0.6309895833333333 0.9425925925925925 0.022395833333333334 0.03888888888888889
7 0.6427083333333333 0.9592592592592593 0.021875 0.03888888888888889
19 0.6526041666666667 0.9421296296296297 0.021875 0.03796296296296296
15 0.6640625 0.9587962962962963 0.021875 0.03796296296296296
14 0.67421875 0.9421296296296297 0.022395833333333334 0.03796296296296296
20 0.6856770833333333 0.9587962962962963 0.022395833333333334 0.03796296296296296
25 0.6958333333333333 0.9421296296296297 0.021875 0.03796296296296296
27 0.49895833333333334 0.8564814814814815 0.9375 0.2851851851851852
