0 0.3848958333333333 0.8037037037037037 0.019791666666666666 0.3907407407407407
12 0.34739583333333335 0.9041666666666667 0.06458333333333334 0.10462962962962963
0 0.6736979166666667 0.687962962962963 0.0203125 0.1574074074074074
14 0.38203125 0.8601851851851852 0.0640625 0.10740740740740741
14 0.4114583333333333 0.9041666666666667 0.065625 0.10462962962962963
8 0.44505208333333335 0.8601851851851852 0.0640625 0.10740740740740741
18 0.47578125 0.9041666666666667 0.06510416666666667 0.10462962962962963
9 0.5075520833333333 0.8601851851851852 0.06302083333333333 0.10740740740740741
26 0.5390625 0.9046296296296297 0.0625 0.10555555555555556
23 0.56875 0.8578703703703704 0.06041666666666667 0.10648148148148148
27 0.49973958333333335 0.7453703703703703 0.5692708333333333 0.5074074074074074
