0 0.5546875 0.24351851851851852 0.019791666666666666 0.4185185185185185
11 0.48802083333333335 0.7421296296296296 0.06041666666666667 0.10648148148148148
0 0.6427083333333333 0.12037037037037036 0.01875 0.1537037037037037
23 0.5190104166666667 0.6865740740740741 0.0640625 0.10462962962962963
11 0.5497395833333333 0.7430555555555556 0.0640625 0.10648148148148148
14 0.5830729166666667 0.6856481481481481 0.06510416666666667 0.10462962962962963
23 0.6125 0.7430555555555556 0.06354166666666666 0.10648148148148148
14 0.64765625 0.6856481481481481 0.06510416666666667 0.10462962962962963
15 0.6755208333333333 0.7430555555555556 0.06354166666666666 0.10648148148148148
27 0.49973958333333335 0.4703703703703704 0.5692708333333333 0.9407407407407408
