22 0.79296875 0.5842592592592593 0.021354166666666667 0.037037037037037035
14 0.8861979166666667 0.5666666666666667 0.021354166666666667 0.037037037037037035
21 0.8768229166666667 0.5842592592592593 0.021354166666666667 0.037037037037037035
3 0.8653645833333333 0.5666666666666667 0.021354166666666667 0.037037037037037035
8 0.8559895833333333 0.5842592592592593 0.021354166666666667 0.037037037037037035
3 0.84453125 0.5666666666666667 0.021354166666666667 0.037037037037037035
3 0.8348958333333333 0.5842592592592593 0.021875 0.037037037037037035
4 0.8236979166666667 0.5666666666666667 0.021354166666666667 0.037037037037037035
25 0.8140625 0.5842592592592593 0.021875 0.037037037037037035
24 0.8028645833333333 0.5666666666666667 0.021354166666666667 0.037037037037037035
27 0.5005208333333333 0.49212962962962964 0.90625 0.3416666666666667
