0 0.9046875 0.29212962962962963 0.005208333333333333 0.14722222222222223
24 0.33567708333333335 0.2523148148148148 0.022395833333333334 0.03796296296296296
4 0.23880208333333333 0.2337962962962963 0.022395833333333334 0.03796296296296296
0 0.86640625 0.24166666666666667 0.0067708333333333336 0.05555555555555555
21 0.25 0.2513888888888889 0.021875 0.03796296296296296
2 0.26067708333333334 0.23287037037037037 0.022395833333333334 0.03796296296296296
23 0.27109375 0.2518518518518518 0.022395833333333334 0.03888888888888889
12 0.2825520833333333 0.23287037037037037 0.022395833333333334 0.03796296296296296
5 0.29244791666666664 0.2523148148148148 0.022395833333333334 0.03796296296296296
5 0.30416666666666664 0.2324074074074074 0.021875 0.03888888888888889
18 0.3140625 0.2523148148148148 0.021875 0.03796296296296296
24 0.32578125 0.23287037037037037 0.022395833333333334 0.03796296296296296
27 0.49895833333333334 0.3347222222222222 0.9375 0.3527777777777778
