0 0.303125 0.4898148148148148 0.01875 0.4111111111111111
13 0.3658854166666667 0.35462962962962963 0.0640625 0.10555555555555556
0 0.6953125 0.36435185185185187 0.019791666666666666 0.1527777777777778
14 0.3984375 0.4050925925925926 0.059375 0.10648148148148148
20 0.4278645833333333 0.3537037037037037 0.0609375 0.10555555555555556
9 0.45755208333333336 0.40555555555555556 0.059895833333333336 0.10555555555555556
1 0.48776041666666664 0.3523148148148148 0.059895833333333336 0.10648148148148148
1 0.51875 0.4064814814814815 0.06354166666666666 0.10555555555555556
13 0.5489583333333333 0.35185185185185186 0.06354166666666666 0.10740740740740741
11 0.58203125 0.40694444444444444 0.06510416666666667 0.10462962962962963
5 0.6119791666666666 0.35185185185185186 0.06354166666666666 0.10740740740740741
27 0.49973958333333335 0.5791666666666667 0.5692708333333333 0.8398148148148148
