0 0.92578125 0.8231481481481482 0.005729166666666666 0.14814814814814814
26 0.8088541666666667 0.8439814814814814 0.021875 0.03796296296296296
0 0.8854166666666666 0.749537037037037 0.00625 0.05648148148148148
9 0.8182291666666667 0.8263888888888888 0.021875 0.03796296296296296
17 0.8302083333333333 0.8439814814814814 0.021875 0.03796296296296296
10 0.840625 0.8263888888888888 0.022916666666666665 0.03796296296296296
12 0.8513020833333333 0.8444444444444444 0.021354166666666667 0.03888888888888889
8 0.8625 0.825462962962963 0.022916666666666665 0.03796296296296296
4 0.8721354166666667 0.8449074074074074 0.021354166666666667 0.03796296296296296
27 0.49895833333333334 0.8162037037037037 0.9375 0.36574074074074076
