0 0.6940104166666666 0.5347222222222222 0.018229166666666668 0.4101851851851852
9 0.42942708333333335 0.6819444444444445 0.0609375 0.10648148148148148
0 0.5557291666666667 0.4046296296296296 0.020833333333333332 0.1574074074074074
16 0.4591145833333333 0.6287037037037037 0.0609375 0.10555555555555556
11 0.48984375 0.6833333333333333 0.06197916666666667 0.10740740740740741
8 0.52109375 0.6282407407407408 0.06510416666666667 0.10462962962962963
1 0.55234375 0.6833333333333333 0.0640625 0.10740740740740741
7 0.5856770833333333 0.6277777777777778 0.06510416666666667 0.1037037037037037
3 0.6153645833333333 0.6833333333333333 0.0640625 0.10740740740740741
27 0.49973958333333335 0.600462962962963 0.5692708333333333 0.7972222222222223
