0 0.9046875 0.6583333333333333 0.005208333333333333 0.14814814814814814
26 0.25546875 0.7773148148148148 0.022395833333333334 0.03796296296296296
0 0.9377604166666667 0.611574074074074 0.0067708333333333336 0.05648148148148148
18 0.2671875 0.7606481481481482 0.021875 0.03796296296296296
12 0.27708333333333335 0.7773148148148148 0.021875 0.03796296296296296
3 0.28854166666666664 0.7601851851851852 0.021875 0.03888888888888889
19 0.2986979166666667 0.7773148148148148 0.022395833333333334 0.03796296296296296
2 0.31015625 0.7601851851851852 0.022395833333333334 0.03888888888888889
22 0.32057291666666665 0.7777777777777778 0.022395833333333334 0.03888888888888889
27 0.49895833333333334 0.7023148148148148 0.9375 0.35833333333333334
