0 0.5265625 0.32685185185185184 0.01875 0.40925925925925927
26 0.39921875 0.6689814814814815 0.058854166666666666 0.10648148148148148
0 0.41770833333333335 0.20277777777777778 0.017708333333333333 0.1537037037037037
16 0.42916666666666664 0.7203703703703703 0.06041666666666667 0.10555555555555556
20 0.4583333333333333 0.6671296296296296 0.06041666666666667 0.10462962962962963
26 0.4895833333333333 0.7226851851851852 0.06145833333333333 0.10648148148148148
1 0.5203125 0.6662037037037037 0.06458333333333334 0.10462962962962963
7 0.5515625 0.7226851851851852 0.06354166666666666 0.10648148148148148
4 0.5846354166666666 0.6662037037037037 0.06510416666666667 0.10462962962962963
15 0.6143229166666667 0.7226851851851852 0.0640625 0.10648148148148148
8 0.64921875 0.6662037037037037 0.06510416666666667 0.10462962962962963
27 0.49973958333333335 0.49953703703703706 0.5692708333333333 0.9990740740740741
