0 0.9375 0.5180555555555556 0.00625 0.14907407407407408
15 0.83671875 0.49953703703703706 0.022395833333333334 0.03796296296296296
0 0.8770833333333333 0.46944444444444444 0.00625 0.05555555555555555
21 0.8489583333333334 0.5180555555555556 0.021875 0.03796296296296296
11 0.8583333333333333 0.49953703703703706 0.021875 0.03796296296296296
5 0.8705729166666667 0.5180555555555556 0.022395833333333334 0.03796296296296296
17 0.8799479166666667 0.49953703703703706 0.022395833333333334 0.03796296296296296
18 0.8919270833333334 0.5180555555555556 0.021354166666666667 0.03796296296296296
22 0.9020833333333333 0.49953703703703706 0.022916666666666665 0.03796296296296296
7 0.9125 0.5180555555555556 0.021875 0.03796296296296296
26 0.92421875 0.49953703703703706 0.022395833333333334 0.03796296296296296
27 0.49895833333333334 0.562962962962963 0.9375 0.3537037037037037
