1 0.52890625 0.21574074074074073 0.021354166666666667 0.037037037037037035
15 0.6231770833333333 0.19814814814814816 0.021354166666666667 0.037037037037037035
14 0.6127604166666667 0.21574074074074073 0.021354166666666667 0.037037037037037035
20 0.60234375 0.1986111111111111 0.021354166666666667 0.03611111111111111
6 0.5916666666666667 0.21574074074074073 0.021875 0.037037037037037035
6 0.5815104166666667 0.1986111111111111 0.021354166666666667 0.03796296296296296
11 0.5705729166666667 0.21574074074074073 0.021354166666666667 0.037037037037037035
10 0.5606770833333333 0.1986111111111111 0.021354166666666667 0.03611111111111111
20 0.5497395833333333 0.21574074074074073 0.021354166666666667 0.037037037037037035
12 0.5395833333333333 0.1986111111111111 0.021875 0.03611111111111111
27 0.5005208333333333 0.26666666666666666 0.90625 0.35
