10 0.52734375 0.8185185185185185 0.021354166666666667 0.037037037037037035
17 0.62109375 0.8 0.021354166666666667 0.037037037037037035
9 0.6106770833333334 0.8185185185185185 0.021354166666666667 0.037037037037037035
20 0.6002604166666666 0.8 0.021354166666666667 0.037037037037037035
24 0.58984375 0.8185185185185185 0.021354166666666667 0.037037037037037035
18 0.5794270833333334 0.8 0.021354166666666667 0.037037037037037035
18 0.5690104166666666 0.8185185185185185 0.021354166666666667 0.037037037037037035
7 0.55859375 0.8 0.021354166666666667 0.037037037037037035
16 0.5481770833333334 0.8185185185185185 0.021354166666666667 0.037037037037037035
9 0.5377604166666666 0.8 0.021354166666666667 0.037037037037037035
27 0.5005208333333333 0.8393518518518519 0.90625 0.3194444444444444
