2 0.4078125 0.7037037037037037 0.021875 0.037037037037037035
8 0.3971354166666667 0.7217592592592592 0.021354166666666667 0.03611111111111111
7 0.38671875 0.7041666666666667 0.021354166666666667 0.03611111111111111
13 0.3763020833333333 0.7217592592592592 0.021354166666666667 0.03611111111111111
19 0.365625 0.7037037037037037 0.021875 0.037037037037037035
2 0.35546875 0.7222222222222222 0.021354166666666667 0.037037037037037035
6 0.34479166666666666 0.7037037037037037 0.021875 0.037037037037037035
16 0.3346354166666667 0.7222222222222222 0.021354166666666667 0.037037037037037035
11 0.32369791666666664 0.7037037037037037 0.021354166666666667 0.037037037037037035
27 0.5005208333333333 0.7351851851851852 0.90625 0.35
