0 0.8559895833333333 0.7888888888888889 0.0067708333333333336 0.14814814814814814
22 0.7348958333333333 0.8282407407407407 0.021875 0.03796296296296296
0 0.9252604166666667 0.7712962962962963 0.0078125 0.05555555555555555
8 0.7466145833333333 0.8087962962962963 0.022395833333333334 0.03796296296296296
10 0.75625 0.8282407407407407 0.021875 0.03796296296296296
21 0.7682291666666666 0.8083333333333333 0.021875 0.03888888888888889
22 0.7778645833333333 0.8282407407407407 0.022395833333333334 0.03796296296296296
16 0.7895833333333333 0.8087962962962963 0.021875 0.03796296296296296
5 0.8 0.8277777777777777 0.022916666666666665 0.03888888888888889
2 0.8106770833333333 0.8092592592592592 0.021354166666666667 0.03888888888888889
27 0.49895833333333334 0.8138888888888889 0.9375 0.37037037037037035
