3 0.73515625 0.7777777777777778 0.021354166666666667 0.037037037037037035
16 0.72421875 0.7962962962962963 0.021354166666666667 0.037037037037037035
17 0.7143229166666667 0.7777777777777778 0.021354166666666667 0.037037037037037035
24 0.7033854166666667 0.7962962962962963 0.021354166666666667 0.037037037037037035
8 0.6934895833333333 0.7777777777777778 0.021354166666666667 0.037037037037037035
18 0.6825520833333333 0.7962962962962963 0.021354166666666667 0.037037037037037035
22 0.6723958333333333 0.7782407407407408 0.021875 0.03611111111111111
7 0.6619791666666667 0.7953703703703704 0.021875 0.037037037037037035
10 0.6513020833333333 0.7777777777777778 0.021354166666666667 0.037037037037037035
27 0.5005208333333333 0.8300925925925926 0.90625 0.33796296296296297
