0 0.5265625 0.7416666666666667 0.01875 0.40925925925925927
19 0.3216145833333333 0.950462962962963 0.06302083333333333 0.09722222222222222
0 0.3859375 0.6074074074074074 0.020833333333333332 0.1574074074074074
12 0.34921875 0.9717592592592592 0.05260416666666667 0.05462962962962963
14 0.3846354166666667 0.950925925925926 0.0640625 0.0962962962962963
14 0.41380208333333335 0.9717592592592592 0.05260416666666667 0.05462962962962963
22 0.44765625 0.950925925925926 0.0640625 0.0962962962962963
23 0.478125 0.9717592592592592 0.053125 0.05462962962962963
6 0.5096354166666667 0.950462962962963 0.06197916666666667 0.09722222222222222
27 0.49973958333333335 0.7106481481481481 0.5692708333333333 0.5768518518518518
