3 0.23515625 0.5120370370370371 0.021354166666666667 0.037037037037037035
12 0.32890625 0.49398148148148147 0.021354166666666667 0.03611111111111111
14 0.3182291666666667 0.5120370370370371 0.021875 0.037037037037037035
17 0.30807291666666664 0.49444444444444446 0.021354166666666667 0.037037037037037035
24 0.29739583333333336 0.5120370370370371 0.020833333333333332 0.037037037037037035
22 0.2869791666666667 0.49398148148148147 0.021875 0.03611111111111111
21 0.27682291666666664 0.5120370370370371 0.021354166666666667 0.037037037037037035
13 0.26588541666666665 0.49444444444444446 0.021354166666666667 0.037037037037037035
4 0.2559895833333333 0.5120370370370371 0.021354166666666667 0.037037037037037035
9 0.24505208333333334 0.49398148148148147 0.021354166666666667 0.03611111111111111
27 0.5005208333333333 0.5837962962962963 0.90625 0.3416666666666667
