0 0.93671875 0.3814814814814815 0.0078125 0.14814814814814814
25 0.40520833333333334 0.3902777777777778 0.021875 0.03796296296296296
0 0.9049479166666666 0.3351851851851852 0.005729166666666666 0.05555555555555555
13 0.415625 0.4097222222222222 0.021875 0.03796296296296296
12 0.4265625 0.3907407407407407 0.021875 0.03888888888888889
13 0.43723958333333335 0.4097222222222222 0.022395833333333334 0.03796296296296296
18 0.44817708333333334 0.3907407407407407 0.022395833333333334 0.03888888888888889
26 0.4588541666666667 0.4097222222222222 0.021875 0.03796296296296296
20 0.46979166666666666 0.3907407407407407 0.021875 0.03888888888888889
4 0.48046875 0.4097222222222222 0.022395833333333334 0.03796296296296296
17 0.49114583333333334 0.3902777777777778 0.021875 0.03796296296296296
27 0.49895833333333334 0.42916666666666664 0.9375 0.3527777777777778
