0 0.43984375 0.8324074074074074 0.019270833333333334 0.3333333333333333
11 0.39895833333333336 0.7847222222222222 0.059375 0.10648148148148148
0 0.50078125 0.7416666666666667 0.021354166666666667 0.1574074074074074
11 0.4283854166666667 0.7305555555555555 0.0609375 0.10555555555555556
22 0.4578125 0.7824074074074074 0.06041666666666667 0.10555555555555556
8 0.48828125 0.7328703703703704 0.0609375 0.10648148148148148
1 0.5190104166666667 0.7800925925925926 0.0640625 0.10462962962962963
15 0.5494791666666666 0.7333333333333333 0.06354166666666666 0.10740740740740741
6 0.5830729166666667 0.7800925925925926 0.06510416666666667 0.10462962962962963
27 0.49973958333333335 0.7537037037037037 0.5692708333333333 0.49074074074074076
