0 0.2669270833333333 0.7958333333333333 0.018229166666666668 0.4064814814814815
2 0.396875 0.8912037037037037 0.06041666666666667 0.10648148148148148
0 0.6151041666666667 0.6800925925925926 0.021875 0.15648148148148147
15 0.4265625 0.8333333333333334 0.06145833333333333 0.10555555555555556
8 0.45651041666666664 0.888425925925926 0.059895833333333336 0.10648148148148148
22 0.4864583333333333 0.836574074074074 0.06041666666666667 0.10648148148148148
24 0.5169270833333334 0.8847222222222222 0.06197916666666667 0.10462962962962963
3 0.5471354166666667 0.8388888888888889 0.06197916666666667 0.10740740740740741
25 0.5794270833333334 0.8828703703703704 0.06510416666666667 0.10462962962962963
3 0.609375 0.8388888888888889 0.06354166666666666 0.10740740740740741
27 0.49973958333333335 0.7444444444444445 0.5692708333333333 0.5092592592592593
