0 0.6416666666666667 0.30277777777777776 0.019791666666666666 0.40925925925925927
18 0.30078125 0.4597222222222222 0.06510416666666667 0.10462962962962963
0 0.6151041666666667 0.1574074074074074 0.021875 0.1574074074074074
23 0.33697916666666666 0.5111111111111111 0.06354166666666666 0.10740740740740741
1 0.3651041666666667 0.4587962962962963 0.06458333333333334 0.10462962962962963
17 0.39791666666666664 0.5106481481481482 0.059375 0.10648148148148148
25 0.42734375 0.45925925925925926 0.0609375 0.10555555555555556
15 0.45703125 0.5111111111111111 0.059895833333333336 0.10555555555555556
11 0.48723958333333334 0.4587962962962963 0.059895833333333336 0.10648148148148148
27 0.49973958333333335 0.49166666666666664 0.5692708333333333 0.9833333333333333
