0 0.92578125 0.24814814814814815 0.005729166666666666 0.14814814814814814
6 0.23619791666666667 0.19398148148148148 0.022395833333333334 0.03796296296296296
0 0.9049479166666666 0.17453703703703705 0.005729166666666666 0.05648148148148148
24 0.2484375 0.1736111111111111 0.021875 0.03796296296296296
8 0.25807291666666665 0.19398148148148148 0.022395833333333334 0.03796296296296296
21 0.26979166666666665 0.17407407407407408 0.021875 0.03888888888888889
17 0.2796875 0.19398148148148148 0.022916666666666665 0.03796296296296296
6 0.290625 0.17453703703703705 0.021875 0.03796296296296296
21 0.30182291666666666 0.19305555555555556 0.022395833333333334 0.03796296296296296
27 0.49895833333333334 0.26944444444444443 0.9375 0.3648148148148148
