0 0.6138020833333333 0.14629629629629629 0.019270833333333334 0.29259259259259257
10 0.46536458333333336 0.2625 0.06510416666666667 0.10462962962962963
0 0.50078125 0.012962962962962963 0.019270833333333334 0.025925925925925925
23 0.49765625 0.3106481481481482 0.0640625 0.10648148148148148
11 0.5299479166666666 0.26342592592592595 0.06510416666666667 0.10462962962962963
7 0.5609375 0.3106481481481482 0.06354166666666666 0.10648148148148148
12 0.5942708333333333 0.26296296296296295 0.06458333333333334 0.1037037037037037
22 0.6229166666666667 0.3106481481481482 0.0625 0.10648148148148148
7 0.6552083333333333 0.2611111111111111 0.059375 0.10555555555555556
3 0.6841145833333333 0.31203703703703706 0.06197916666666667 0.10555555555555556
27 0.49973958333333335 0.38101851851851853 0.5692708333333333 0.7620370370370371
