0 0.8658854166666666 0.25833333333333336 0.005729166666666666 0.14814814814814814
9 0.66328125 0.2828703703703704 0.022395833333333334 0.03796296296296296
0 0.9375 0.21203703703703702 0.00625 0.05555555555555555
6 0.6734375 0.26296296296296295 0.021875 0.03888888888888889
9 0.6848958333333334 0.2828703703703704 0.021875 0.03796296296296296
11 0.6947916666666667 0.26342592592592595 0.021875 0.03796296296296296
1 0.7065104166666667 0.2828703703703704 0.022395833333333334 0.03796296296296296
21 0.71640625 0.26342592592592595 0.022395833333333334 0.03796296296296296
8 0.7278645833333334 0.2828703703703704 0.022395833333333334 0.03796296296296296
27 0.49895833333333334 0.3037037037037037 0.9375 0.3574074074074074
