0 0.8559895833333333 0.12685185185185185 0.0067708333333333336 0.14814814814814814
12 0.79609375 0.25601851851851853 0.022395833333333334 0.03796296296296296
0 0.8661458333333333 0.07824074074074074 0.00625 0.05648148148148148
3 0.8080729166666667 0.23842592592592593 0.022395833333333334 0.03796296296296296
6 0.8174479166666667 0.25601851851851853 0.022395833333333334 0.03796296296296296
9 0.8296875 0.23842592592592593 0.021875 0.03796296296296296
4 0.8393229166666667 0.25601851851851853 0.022395833333333334 0.03796296296296296
7 0.85078125 0.23842592592592593 0.021354166666666667 0.03796296296296296
17 0.8614583333333333 0.2569444444444444 0.022916666666666665 0.03796296296296296
27 0.49895833333333334 0.1884259259259259 0.9375 0.3768518518518518
