23 0.7674479166666667 0.6013888888888889 0.021354166666666667 0.03611111111111111
25 0.7580729166666667 0.6189814814814815 0.021354166666666667 0.03611111111111111
26 0.746875 0.6013888888888889 0.021875 0.03611111111111111
25 0.73671875 0.6185185185185185 0.021354166666666667 0.037037037037037035
7 0.72578125 0.6013888888888889 0.021354166666666667 0.03611111111111111
18 0.7158854166666667 0.6189814814814815 0.021354166666666667 0.03611111111111111
19 0.7052083333333333 0.6013888888888889 0.021875 0.03611111111111111
5 0.6950520833333333 0.6189814814814815 0.021354166666666667 0.03796296296296296
11 0.6841145833333333 0.6013888888888889 0.021354166666666667 0.03611111111111111
27 0.5005208333333333 0.5541666666666667 0.90625 0.3416666666666667
