0 0.88515625 0.45740740740740743 0.005729166666666666 0.14814814814814814
20 0.18958333333333333 0.575925925925926 0.021875 0.03888888888888889
0 0.9177083333333333 0.4134259259259259 0.00625 0.05648148148148148
22 0.2015625 0.5949074074074074 0.021875 0.03796296296296296
11 0.21119791666666668 0.5763888888888888 0.022395833333333334 0.03796296296296296
4 0.22317708333333333 0.5949074074074074 0.022395833333333334 0.03796296296296296
12 0.23255208333333333 0.575925925925926 0.022395833333333334 0.03888888888888889
8 0.24479166666666666 0.5949074074074074 0.021875 0.03796296296296296
19 0.25442708333333336 0.575925925925926 0.022395833333333334 0.03888888888888889
12 0.26614583333333336 0.5949074074074074 0.021875 0.03796296296296296
23 0.2760416666666667 0.5763888888888888 0.021875 0.03796296296296296
27 0.49895833333333334 0.5032407407407408 0.9375 0.3527777777777778
