22 0.5419270833333333 0.4597222222222222 0.021354166666666667 0.03611111111111111
20 0.6361979166666667 0.44166666666666665 0.021354166666666667 0.037037037037037035
10 0.6252604166666667 0.4597222222222222 0.021354166666666667 0.03611111111111111
24 0.6153645833333333 0.44212962962962965 0.021354166666666667 0.03611111111111111
12 0.6044270833333333 0.4597222222222222 0.021354166666666667 0.03611111111111111
14 0.5942708333333333 0.44166666666666665 0.021875 0.037037037037037035
20 0.58359375 0.45925925925925926 0.021354166666666667 0.037037037037037035
3 0.5731770833333333 0.44166666666666665 0.021354166666666667 0.037037037037037035
2 0.5627604166666667 0.4597222222222222 0.021354166666666667 0.03611111111111111
10 0.55234375 0.44166666666666665 0.021354166666666667 0.037037037037037035
27 0.5005208333333333 0.5310185185185186 0.90625 0.3416666666666667
