0 0.8958333333333334 0.5138888888888888 0.00625 0.14814814814814814
24 0.6859375 0.6314814814814815 0.022916666666666665 0.03888888888888889
0 0.92578125 0.49953703703703706 0.005729166666666666 0.05648148148148148
5 0.6989583333333333 0.6504629629629629 0.022916666666666665 0.03981481481481482
26 0.7088541666666667 0.6328703703703704 0.023958333333333335 0.03796296296296296
5 0.7216145833333333 0.6513888888888889 0.0234375 0.03796296296296296
7 0.7317708333333334 0.6337962962962963 0.022916666666666665 0.03796296296296296
25 0.7440104166666667 0.6513888888888889 0.022395833333333334 0.03796296296296296
12 0.7533854166666667 0.6337962962962963 0.022395833333333334 0.03796296296296296
7 0.765625 0.6513888888888889 0.021875 0.03796296296296296
1 0.775 0.6337962962962963 0.021875 0.03796296296296296
27 0.49895833333333334 0.562962962962963 0.9375 0.3537037037037037
