0 0.5828125 0.20555555555555555 0.01875 0.40925925925925927
19 0.6263020833333334 0.2953703703703704 0.0609375 0.10555555555555556
14 0.34453125 0.24537037037037038 0.059895833333333336 0.10555555555555556
0 0.36015625 0.07314814814814814 0.0203125 0.14629629629629629
6 0.37734375 0.29398148148148145 0.06302083333333333 0.10648148148148148
3 0.40625 0.24675925925925926 0.065625 0.10462962962962963
6 0.43984375 0.29398148148148145 0.0640625 0.10648148148148148
20 0.4705729166666667 0.24675925925925926 0.06510416666666667 0.10462962962962963
3 0.5028645833333333 0.29398148148148145 0.0640625 0.10648148148148148
7 0.53515625 0.24675925925925926 0.06510416666666667 0.10462962962962963
7 0.5653645833333333 0.29398148148148145 0.06197916666666667 0.10648148148148148
26 0.5973958333333333 0.24583333333333332 0.06041666666666667 0.10462962962962963
27 0.49973958333333335 0.4439814814814815 0.5692708333333333 0.887962962962963
