0 0.43984375 0.5328703703703703 0.019270833333333334 0.41944444444444445
7 0.46067708333333335 0.6597222222222222 0.06302083333333333 0.10462962962962963
0 0.58359375 0.3888888888888889 0.0203125 0.1537037037037037
11 0.49192708333333335 0.7157407407407408 0.06302083333333333 0.10740740740740741
22 0.5236979166666667 0.6597222222222222 0.06510416666666667 0.10462962962962963
9 0.5546875 0.7162037037037037 0.06354166666666666 0.10648148148148148
16 0.58828125 0.6592592592592592 0.06510416666666667 0.10555555555555556
16 0.61796875 0.7162037037037037 0.0640625 0.10648148148148148
1 0.6520833333333333 0.6597222222222222 0.06354166666666666 0.10462962962962963
1 0.6799479166666667 0.7152777777777778 0.06197916666666667 0.10648148148148148
27 0.49973958333333335 0.5962962962962963 0.5692708333333333 0.8055555555555556
