0 0.5265625 0.16944444444444445 0.01875 0.3388888888888889
16 0.3026041666666667 0.5328703703703703 0.065625 0.10462962962962963
0 0.32760416666666664 0.03333333333333333 0.020833333333333332 0.06666666666666667
19 0.33828125 0.48055555555555557 0.06302083333333333 0.10740740740740741
26 0.36640625 0.5328703703703703 0.0640625 0.10462962962962963
14 0.39869791666666665 0.48009259259259257 0.058854166666666666 0.10648148148148148
5 0.4283854166666667 0.5324074074074074 0.0609375 0.10555555555555556
22 0.4578125 0.48055555555555557 0.06041666666666667 0.10555555555555556
14 0.48828125 0.5328703703703703 0.0609375 0.10648148148148148
22 0.5190104166666667 0.48055555555555557 0.0640625 0.10555555555555556
27 0.49973958333333335 0.4041666666666667 0.5692708333333333 0.8083333333333333
