0 0.9046875 0.07314814814814814 0.005208333333333333 0.14629629629629629
15 0.6236979166666666 0.14166666666666666 0.022395833333333334 0.03888888888888889
0 0.8854166666666666 0.02824074074074074 0.00625 0.05648148148148148
14 0.6338541666666667 0.12175925925925926 0.021875 0.03796296296296296
19 0.6453125 0.1412037037037037 0.021875 0.03796296296296296
1 0.6552083333333333 0.12175925925925926 0.021875 0.03796296296296296
12 0.6666666666666666 0.1412037037037037 0.021875 0.03796296296296296
12 0.6768229166666667 0.12175925925925926 0.022395833333333334 0.03796296296296296
13 0.6880208333333333 0.14074074074074075 0.021875 0.03888888888888889
27 0.49895833333333334 0.16666666666666666 0.9375 0.3333333333333333
