0 0.3848958333333333 0.6564814814814814 0.019791666666666666 0.4185185185185185
1 0.46979166666666666 0.5504629629629629 0.065625 0.10462962962962963
0 0.44088541666666664 0.5342592592592592 0.019270833333333334 0.1574074074074074
6 0.5020833333333333 0.6041666666666666 0.06354166666666666 0.10648148148148148
14 0.5346354166666667 0.5504629629629629 0.06510416666666667 0.10462962962962963
4 0.5645833333333333 0.6041666666666666 0.0625 0.10648148148148148
22 0.5971354166666667 0.5504629629629629 0.0609375 0.10462962962962963
24 0.62578125 0.6037037037037037 0.0609375 0.10555555555555556
19 0.6565104166666667 0.5509259259259259 0.058854166666666666 0.10555555555555556
27 0.49973958333333335 0.6652777777777777 0.5692708333333333 0.6675925925925926
