6 0.6653645833333334 0.2564814814814815 0.021354166666666667 0.037037037037037035
20 0.759375 0.23935185185185184 0.019791666666666666 0.03611111111111111
8 0.7486979166666666 0.2564814814814815 0.021354166666666667 0.037037037037037035
10 0.7390625 0.23935185185185184 0.021875 0.03611111111111111
5 0.728125 0.2564814814814815 0.021875 0.037037037037037035
2 0.71796875 0.2388888888888889 0.021354166666666667 0.037037037037037035
18 0.70703125 0.2564814814814815 0.021354166666666667 0.037037037037037035
1 0.6971354166666667 0.23935185185185184 0.021354166666666667 0.03611111111111111
9 0.6861979166666666 0.2564814814814815 0.021354166666666667 0.037037037037037035
11 0.6763020833333333 0.23981481481481481 0.021354166666666667 0.037037037037037035
27 0.5005208333333333 0.17916666666666667 0.90625 0.35833333333333334
