0 0.92578125 0.5810185185185185 0.005729166666666666 0.14722222222222223
12 0.24427083333333333 0.6875 0.021875 0.03796296296296296
0 0.9377604166666667 0.5074074074074074 0.005729166666666666 0.05555555555555555
8 0.25390625 0.6680555555555555 0.022395833333333334 0.03796296296296296
21 0.26588541666666665 0.6875 0.022395833333333334 0.03796296296296296
11 0.2755208333333333 0.6680555555555555 0.021875 0.03796296296296296
16 0.2872395833333333 0.6875 0.022395833333333334 0.03796296296296296
3 0.296875 0.6680555555555555 0.021875 0.03796296296296296
3 0.30885416666666665 0.6875 0.021875 0.03796296296296296
27 0.49895833333333334 0.6023148148148149 0.9375 0.3527777777777778
