0 0.8768229166666667 0.8944444444444445 0.005729166666666666 0.14814814814814814
18 0.12838541666666667 0.8291666666666667 0.021354166666666667 0.03796296296296296
0 0.89609375 0.8476851851851852 0.0067708333333333336 0.05648148148148148
24 0.13984375 0.8481481481481481 0.022395833333333334 0.03888888888888889
14 0.14947916666666666 0.8282407407407407 0.021875 0.03796296296296296
4 0.16145833333333334 0.8481481481481481 0.021875 0.03888888888888889
8 0.17109375 0.8282407407407407 0.022395833333333334 0.03796296296296296
2 0.18307291666666667 0.8481481481481481 0.022395833333333334 0.03888888888888889
17 0.19244791666666666 0.8282407407407407 0.022395833333333334 0.03796296296296296
6 0.2046875 0.8486111111111111 0.021875 0.03796296296296296
26 0.2140625 0.8282407407407407 0.021875 0.03796296296296296
27 0.49947916666666664 0.8564814814814815 0.9364583333333333 0.2851851851851852
