0 0.8565104166666667 0.4546296296296296 0.005729166666666666 0.14814814814814814
10 0.7684895833333333 0.5342592592592592 0.022395833333333334 0.03888888888888889
17 0.6677083333333333 0.5152777777777777 0.021875 0.03796296296296296
0 0.8770833333333333 0.41064814814814815 0.005208333333333333 0.05648148148148148
21 0.68046875 0.5337962962962963 0.022395833333333334 0.03796296296296296
10 0.68984375 0.5152777777777777 0.0234375 0.03796296296296296
20 0.7028645833333333 0.5337962962962963 0.0234375 0.03796296296296296
19 0.7122395833333334 0.5152777777777777 0.0234375 0.03796296296296296
12 0.725 0.5337962962962963 0.022916666666666665 0.03796296296296296
2 0.7348958333333333 0.5152777777777777 0.022916666666666665 0.03796296296296296
19 0.7466145833333333 0.5342592592592592 0.022395833333333334 0.03888888888888889
25 0.7565104166666666 0.5157407407407407 0.022395833333333334 0.03888888888888889
27 0.49895833333333334 0.5013888888888889 0.9375 0.3527777777777778
