0 0.88515625 0.8407407407407408 0.005729166666666666 0.14814814814814814
4 0.3890625 0.8782407407407408 0.021875 0.03796296296296296
0 0.9260416666666667 0.8263888888888888 0.005208333333333333 0.05648148148148148
19 0.39947916666666666 0.8578703703703704 0.021875 0.03796296296296296
20 0.41041666666666665 0.8782407407407408 0.021875 0.03796296296296296
12 0.42109375 0.8578703703703704 0.022395833333333334 0.03796296296296296
15 0.43203125 0.8782407407407408 0.022395833333333334 0.03796296296296296
19 0.44244791666666666 0.8578703703703704 0.022395833333333334 0.03796296296296296
7 0.45364583333333336 0.8777777777777778 0.021875 0.03888888888888889
27 0.49895833333333334 0.8361111111111111 0.9375 0.32592592592592595
