0 0.9174479166666667 0.7842592592592592 0.005729166666666666 0.14814814814814814
3 0.2872395833333333 0.8314814814814815 0.022395833333333334 0.03888888888888889
15 0.18932291666666667 0.8115740740740741 0.021354166666666667 0.03796296296296296
0 0.92578125 0.7666666666666667 0.005729166666666666 0.05555555555555555
20 0.20078125 0.8314814814814815 0.022395833333333334 0.03888888888888889
21 0.2109375 0.8115740740740741 0.021875 0.03796296296296296
7 0.22265625 0.8314814814814815 0.022395833333333334 0.03888888888888889
21 0.23229166666666667 0.8115740740740741 0.021875 0.03796296296296296
24 0.24401041666666667 0.8310185185185185 0.022395833333333334 0.03796296296296296
20 0.25390625 0.8115740740740741 0.022395833333333334 0.03796296296296296
13 0.265625 0.8310185185185185 0.021875 0.03796296296296296
24 0.2755208333333333 0.8115740740740741 0.021875 0.03796296296296296
27 0.49895833333333334 0.812037037037037 0.9375 0.37407407407407406
