0 0.8565104166666667 0.2675925925925926 0.005729166666666666 0.14814814814814814
4 0.6770833333333334 0.22546296296296298 0.021875 0.03796296296296296
0 0.89609375 0.22175925925925927 0.0067708333333333336 0.05648148148148148
22 0.6880208333333333 0.20787037037037037 0.021875 0.03796296296296296
10 0.69921875 0.2263888888888889 0.022395833333333334 0.03796296296296296
13 0.709375 0.20694444444444443 0.021875 0.03796296296296296
25 0.7208333333333333 0.2263888888888889 0.021875 0.03796296296296296
6 0.73046875 0.20694444444444443 0.022395833333333334 0.03796296296296296
22 0.7424479166666667 0.22685185185185186 0.022395833333333334 0.03888888888888889
27 0.49895833333333334 0.31203703703703706 0.9375 0.35555555555555557
