0 0.92578125 0.600925925925926 0.005729166666666666 0.14814814814814814
26 0.6255208333333333 0.5592592592592592 0.021875 0.03888888888888889
0 0.86640625 0.5282407407407408 0.0067708333333333336 0.05648148148148148
14 0.6356770833333333 0.5782407407407407 0.022395833333333334 0.03796296296296296
4 0.646875 0.5592592592592592 0.021875 0.03888888888888889
16 0.6575520833333334 0.5782407407407407 0.022395833333333334 0.03796296296296296
6 0.6682291666666667 0.5597222222222222 0.021875 0.03796296296296296
11 0.6794270833333333 0.5777777777777777 0.022395833333333334 0.037037037037037035
18 0.6895833333333333 0.5597222222222222 0.021875 0.03796296296296296
20 0.7010416666666667 0.5782407407407407 0.021875 0.03796296296296296
5 0.7109375 0.5597222222222222 0.021875 0.03796296296296296
27 0.49895833333333334 0.6226851851851852 0.9375 0.3527777777777778
