0 0.5265625 0.4773148148148148 0.01875 0.4101851851851852
4 0.42578125 0.8291666666666667 0.06197916666666667 0.11018518518518519
0 0.26953125 0.35185185185185186 0.024479166666666666 0.1574074074074074
10 0.45651041666666664 0.7796296296296297 0.058854166666666666 0.1111111111111111
15 0.4861979166666667 0.8342592592592593 0.059895833333333336 0.10740740740740741
26 0.5161458333333333 0.7796296296296297 0.06145833333333333 0.10555555555555556
9 0.5463541666666667 0.837037037037037 0.06145833333333333 0.10740740740740741
9 0.57890625 0.7782407407407408 0.06510416666666667 0.10462962962962963
5 0.6083333333333333 0.8375 0.06354166666666666 0.10648148148148148
17 0.6432291666666666 0.7782407407407408 0.065625 0.10462962962962963
27 0.49973958333333335 0.5736111111111111 0.5692708333333333 0.850925925925926
