0 0.9046875 0.4532407407407407 0.005208333333333333 0.14722222222222223
13 0.6229166666666667 0.5587962962962963 0.021875 0.03796296296296296
0 0.8661458333333333 0.40370370370370373 0.00625 0.05555555555555555
26 0.6330729166666667 0.5777777777777777 0.022395833333333334 0.03888888888888889
22 0.64453125 0.5587962962962963 0.022395833333333334 0.03796296296296296
26 0.6546875 0.5777777777777777 0.021875 0.03888888888888889
16 0.6661458333333333 0.5587962962962963 0.021875 0.03796296296296296
24 0.6763020833333333 0.5777777777777777 0.022395833333333334 0.03888888888888889
9 0.6875 0.5587962962962963 0.021875 0.03796296296296296
5 0.6981770833333333 0.5773148148148148 0.022395833333333334 0.03796296296296296
25 0.7088541666666667 0.5587962962962963 0.021875 0.03796296296296296
27 0.49895833333333334 0.4986111111111111 0.9375 0.3527777777777778
