0 0.47265625 0.4759259259259259 0.019270833333333334 0.40925925925925927
18 0.49609375 0.45787037037037037 0.0640625 0.10648148148148148
0 0.26796875 0.337037037037037 0.0203125 0.1574074074074074
9 0.528125 0.5106481481481482 0.065625 0.10462962962962963
8 0.5591145833333333 0.4583333333333333 0.0640625 0.10740740740740741
22 0.5927083333333333 0.5106481481481482 0.06458333333333334 0.10462962962962963
1 0.6213541666666667 0.4583333333333333 0.0625 0.10740740740740741
14 0.6546875 0.5106481481481482 0.06041666666666667 0.10462962962962963
16 0.6830729166666667 0.4583333333333333 0.06197916666666667 0.10555555555555556
27 0.49973958333333335 0.5671296296296297 0.5692708333333333 0.8638888888888889
