0 0.8768229166666667 0.4166666666666667 0.005729166666666666 0.14814814814814814
3 0.6447916666666667 0.5050925925925925 0.021875 0.03796296296296296
0 0.8856770833333333 0.36898148148148147 0.0067708333333333336 0.05462962962962963
14 0.6549479166666666 0.48657407407407405 0.022395833333333334 0.03796296296296296
19 0.66640625 0.5050925925925925 0.022395833333333334 0.03796296296296296
25 0.6768229166666667 0.48657407407407405 0.022395833333333334 0.03796296296296296
17 0.6880208333333333 0.5050925925925925 0.021875 0.03796296296296296
12 0.6984375 0.48657407407407405 0.022916666666666665 0.03796296296296296
26 0.7088541666666667 0.5050925925925925 0.021875 0.03796296296296296
27 0.49895833333333334 0.46064814814814814 0.9375 0.3527777777777778
