23 0.2955729166666667 0.7166666666666667 0.021354166666666667 0.037037037037037035
14 0.284375 0.7333333333333333 0.021875 0.037037037037037035
20 0.27421875 0.7166666666666667 0.021354166666666667 0.037037037037037035
17 0.26328125 0.7337962962962963 0.021354166666666667 0.03611111111111111
9 0.25364583333333335 0.7162037037037037 0.021875 0.03611111111111111
22 0.24244791666666668 0.7337962962962963 0.021354166666666667 0.03611111111111111
16 0.23255208333333333 0.7166666666666667 0.021354166666666667 0.037037037037037035
1 0.22161458333333334 0.7337962962962963 0.021354166666666667 0.03611111111111111
17 0.21171875 0.7162037037037037 0.021354166666666667 0.03611111111111111
27 0.5005208333333333 0.7921296296296296 0.90625 0.35833333333333334
