0 0.6135416666666667 0.20046296296296295 0.019791666666666666 0.4009259259259259
19 0.3190104166666667 0.6143518518518518 0.06197916666666667 0.10648148148148148
0 0.44192708333333336 0.07037037037037037 0.025520833333333333 0.14074074074074075
12 0.346875 0.5606481481481481 0.06354166666666666 0.10462962962962963
24 0.3809895833333333 0.6148148148148148 0.0640625 0.10740740740740741
5 0.41067708333333336 0.5606481481481481 0.06510416666666667 0.10462962962962963
10 0.4440104166666667 0.6148148148148148 0.0640625 0.10740740740740741
23 0.4752604166666667 0.5606481481481481 0.06510416666666667 0.10462962962962963
3 0.50703125 0.6148148148148148 0.06302083333333333 0.10740740740740741
25 0.5385416666666667 0.5606481481481481 0.0625 0.10462962962962963
4 0.5682291666666667 0.6143518518518518 0.06041666666666667 0.10648148148148148
27 0.49973958333333335 0.43703703703703706 0.5692708333333333 0.8740740740740741
