0 0.88515625 0.7467592592592592 0.005729166666666666 0.14722222222222223
7 0.37578125 0.7976851851851852 0.022395833333333334 0.03796296296296296
2 0.27890625 0.7791666666666667 0.022395833333333334 0.03796296296296296
0 0.9177083333333333 0.6986111111111111 0.00625 0.05648148148148148
19 0.2903645833333333 0.7986111111111112 0.021354166666666667 0.03796296296296296
13 0.30078125 0.7796296296296297 0.022395833333333334 0.03888888888888889
13 0.31145833333333334 0.7981481481481482 0.021875 0.03888888888888889
25 0.32265625 0.7805555555555556 0.022395833333333334 0.03888888888888889
24 0.3328125 0.7976851851851852 0.021875 0.03796296296296296
5 0.34427083333333336 0.7800925925925926 0.021875 0.03796296296296296
14 0.35442708333333334 0.7976851851851852 0.022395833333333334 0.03796296296296296
16 0.365625 0.7800925925925926 0.021875 0.03796296296296296
27 0.49895833333333334 0.7828703703703703 0.9375 0.3768518518518518
