0 0.9046875 0.4356481481481482 0.005208333333333333 0.14722222222222223
24 0.22864583333333333 0.5550925925925926 0.021875 0.03796296296296296
0 0.9375 0.38842592592592595 0.00625 0.05648148148148148
25 0.23828125 0.5361111111111111 0.022395833333333334 0.03888888888888889
4 0.24973958333333332 0.5546296296296296 0.021354166666666667 0.03888888888888889
3 0.26015625 0.5361111111111111 0.022395833333333334 0.03888888888888889
9 0.2708333333333333 0.5546296296296296 0.021875 0.03888888888888889
12 0.28203125 0.5361111111111111 0.022395833333333334 0.03888888888888889
16 0.2921875 0.5546296296296296 0.021875 0.03888888888888889
25 0.30364583333333334 0.5361111111111111 0.021875 0.03888888888888889
27 0.49895833333333334 0.47962962962962963 0.9375 0.3537037037037037
