0 0.92578125 0.6449074074074074 0.005729166666666666 0.14722222222222223
6 0.4661458333333333 0.7319444444444444 0.021875 0.03796296296296296
0 0.9377604166666667 0.5763888888888888 0.0067708333333333336 0.05648148148148148
23 0.47682291666666665 0.7490740740740741 0.022395833333333334 0.03888888888888889
7 0.48776041666666664 0.7319444444444444 0.022395833333333334 0.03796296296296296
20 0.4981770833333333 0.749537037037037 0.022395833333333334 0.03796296296296296
21 0.5091145833333334 0.7319444444444444 0.022395833333333334 0.03796296296296296
22 0.5197916666666667 0.749537037037037 0.021875 0.03796296296296296
6 0.5307291666666667 0.7314814814814815 0.021875 0.03888888888888889
11 0.5416666666666666 0.749537037037037 0.021875 0.03796296296296296
12 0.5520833333333334 0.7319444444444444 0.021875 0.03796296296296296
27 0.49895833333333334 0.6685185185185185 0.9375 0.3537037037037037
