0 0.32578125 0.2949074074074074 0.021354166666666667 0.41944444444444445
26 0.29375 0.5263888888888889 0.065625 0.10462962962962963
0 0.30390625 0.17592592592592593 0.0203125 0.1537037037037037
12 0.3299479166666667 0.4740740740740741 0.0640625 0.10740740740740741
18 0.35859375 0.5263888888888889 0.06510416666666667 0.10462962962962963
19 0.3932291666666667 0.47453703703703703 0.06354166666666666 0.10648148148148148
1 0.42239583333333336 0.5263888888888889 0.06458333333333334 0.10462962962962963
1 0.45416666666666666 0.47453703703703703 0.06041666666666667 0.10648148148148148
11 0.484375 0.5268518518518519 0.06041666666666667 0.10555555555555556
27 0.49973958333333335 0.49444444444444446 0.5692708333333333 0.9888888888888889
