0 0.9044270833333333 0.7430555555555556 0.005729166666666666 0.14722222222222223
11 0.3421875 0.7212962962962963 0.021875 0.03888888888888889
0 0.9174479166666667 0.7023148148148148 0.0067708333333333336 0.05648148148148148
3 0.35260416666666666 0.7023148148148148 0.021875 0.03796296296296296
26 0.36380208333333336 0.7217592592592592 0.022395833333333334 0.03796296296296296
12 0.37421875 0.7023148148148148 0.022395833333333334 0.03796296296296296
20 0.3854166666666667 0.7217592592592592 0.021875 0.03796296296296296
1 0.3958333333333333 0.7023148148148148 0.021875 0.03796296296296296
5 0.40703125 0.7217592592592592 0.022395833333333334 0.03796296296296296
26 0.41744791666666664 0.7023148148148148 0.022395833333333334 0.03796296296296296
27 0.49895833333333334 0.7828703703703703 0.9375 0.3768518518518518
