0 0.8565104166666667 0.09814814814814815 0.005729166666666666 0.14814814814814814
18 0.63984375 0.1986111111111111 0.022395833333333334 0.03796296296296296
0 0.8770833333333333 0.052314814814814814 0.00625 0.05648148148148148
23 0.65 0.17916666666666667 0.021875 0.03796296296296296
15 0.6614583333333334 0.1986111111111111 0.021875 0.03796296296296296
16 0.6716145833333333 0.1787037037037037 0.022395833333333334 0.03888888888888889
3 0.6830729166666667 0.1986111111111111 0.022395833333333334 0.03796296296296296
16 0.69296875 0.17916666666666667 0.022395833333333334 0.03796296296296296
18 0.7046875 0.1986111111111111 0.021875 0.03796296296296296
25 0.7145833333333333 0.17916666666666667 0.021875 0.03796296296296296
27 0.49895833333333334 0.17685185185185184 0.9375 0.3537037037037037
