0 0.303125 0.14953703703703702 0.01875 0.29907407407407405
24 0.5942708333333333 0.03935185185185185 0.06458333333333334 0.0787037037037037
2 0.3067708333333333 0.011574074074074073 0.021875 0.023148148148148147
0 0.50078125 0.012962962962962963 0.021354166666666667 0.025925925925925925
18 0.34296875 0.037037037037037035 0.058854166666666666 0.07407407407407407
9 0.37057291666666664 0.009722222222222222 0.0234375 0.019444444444444445
17 0.40260416666666665 0.03888888888888889 0.06145833333333333 0.07777777777777778
23 0.434375 0.008333333333333333 0.025 0.016666666666666666
8 0.465625 0.03935185185185185 0.065625 0.0787037037037037
6 0.4981770833333333 0.008333333333333333 0.027604166666666666 0.016666666666666666
14 0.5299479166666666 0.03935185185185185 0.06510416666666667 0.0787037037037037
8 0.5609375 0.008333333333333333 0.026041666666666668 0.016666666666666666
27 0.49973958333333335 0.38472222222222224 0.5692708333333333 0.7694444444444445
