0 0.3848958333333333 0.3453703703703704 0.019791666666666666 0.4185185185185185
15 0.446875 0.5958333333333333 0.06354166666666666 0.10648148148148148
0 0.30390625 0.21944444444444444 0.0203125 0.1537037037037037
12 0.4778645833333333 0.6453703703703704 0.06510416666666667 0.1037037037037037
13 0.5088541666666667 0.5958333333333333 0.0625 0.10648148148148148
18 0.5401041666666667 0.6462962962962963 0.06145833333333333 0.10555555555555556
24 0.5697916666666667 0.5953703703703703 0.06041666666666667 0.10555555555555556
24 0.5997395833333333 0.6472222222222223 0.058854166666666666 0.10555555555555556
9 0.6302083333333334 0.5939814814814814 0.0625 0.10462962962962963
4 0.6591145833333333 0.649074074074074 0.0609375 0.10740740740740741
27 0.49973958333333335 0.5032407407407408 0.5692708333333333 0.9916666666666667
