2 0.08776041666666666 0.4166666666666667 0.021354166666666667 0.037037037037037035
18 0.18203125 0.3990740740740741 0.021354166666666667 0.037037037037037035
23 0.17213541666666668 0.4166666666666667 0.021354166666666667 0.037037037037037035
13 0.16119791666666666 0.3990740740740741 0.021354166666666667 0.037037037037037035
5 0.1515625 0.4166666666666667 0.021875 0.037037037037037035
16 0.13984375 0.3990740740740741 0.021354166666666667 0.037037037037037035
14 0.13020833333333334 0.4166666666666667 0.021875 0.037037037037037035
14 0.11953125 0.3990740740740741 0.021354166666666667 0.037037037037037035
13 0.10885416666666667 0.4166666666666667 0.021875 0.037037037037037035
22 0.09895833333333333 0.3990740740740741 0.020833333333333332 0.037037037037037035
27 0.5005208333333333 0.46296296296296297 0.90625 0.34074074074074073
