0 0.9174479166666667 0.9175925925925926 0.005729166666666666 0.14814814814814814
14 0.7419270833333333 0.9828703703703704 0.022395833333333334 0.032407407407407406
0 0.87734375 0.8703703703703703 0.0067708333333333336 0.05555555555555555
17 0.7515625 0.9930555555555556 0.016666666666666666 0.012037037037037037
16 0.7635416666666667 0.9828703703703704 0.021875 0.032407407407407406
23 0.7731770833333333 0.9935185185185185 0.0171875 0.011111111111111112
9 0.78515625 0.9828703703703704 0.022395833333333334 0.032407407407407406
26 0.79453125 0.9930555555555556 0.0171875 0.012037037037037037
17 0.8067708333333333 0.9828703703703704 0.021875 0.032407407407407406
1 0.8161458333333333 0.9930555555555556 0.016666666666666666 0.012037037037037037
21 0.8283854166666667 0.9828703703703704 0.022395833333333334 0.032407407407407406
27 0.49895833333333334 0.8652777777777778 0.9375 0.2675925925925926
