0 0.5549479166666667 0.23703703703703705 0.019270833333333334 0.4185185185185185
8 0.46380208333333334 0.7199074074074074 0.06510416666666667 0.10462962962962963
0 0.38645833333333335 0.09583333333333334 0.016666666666666666 0.15648148148148147
15 0.49609375 0.6722222222222223 0.0640625 0.10740740740740741
26 0.528125 0.7199074074074074 0.065625 0.10462962962962963
25 0.5588541666666667 0.6722222222222223 0.06354166666666666 0.10740740740740741
22 0.5916666666666667 0.7208333333333333 0.06354166666666666 0.10462962962962963
10 0.6184895833333334 0.6754629629629629 0.05677083333333333 0.10648148148148148
11 0.6479166666666667 0.7310185185185185 0.05 0.10462962962962963
15 0.6697916666666667 0.6907407407407408 0.046875 0.0962962962962963
27 0.48828125 0.4847222222222222 0.5463541666666667 0.9694444444444444
