0 0.3848958333333333 0.8282407407407407 0.019791666666666666 0.3416666666666667
16 0.40703125 0.8041666666666667 0.06510416666666667 0.10462962962962963
0 0.52734375 0.7240740740740741 0.0203125 0.1537037037037037
24 0.440625 0.8638888888888889 0.06354166666666666 0.10740740740740741
15 0.47161458333333334 0.8041666666666667 0.06510416666666667 0.10462962962962963
17 0.5036458333333333 0.8643518518518518 0.06354166666666666 0.10648148148148148
13 0.5356770833333333 0.8041666666666667 0.06510416666666667 0.10462962962962963
4 0.5658854166666667 0.8638888888888889 0.06197916666666667 0.10740740740740741
16 0.5979166666666667 0.8055555555555556 0.06041666666666667 0.10555555555555556
19 0.6270833333333333 0.8606481481481482 0.06145833333333333 0.10648148148148148
21 0.6565104166666667 0.8087962962962963 0.058854166666666666 0.10648148148148148
27 0.49973958333333335 0.7527777777777778 0.5692708333333333 0.4925925925925926
