0 0.92578125 0.25972222222222224 0.005729166666666666 0.14722222222222223
7 0.7575520833333333 0.19722222222222222 0.021354166666666667 0.022222222222222223
0 0.9377604166666667 0.1837962962962963 0.005729166666666666 0.05648148148148148
5 0.7666666666666667 0.19074074074074074 0.020833333333333332 0.011111111111111112
14 0.7794270833333333 0.19953703703703704 0.022395833333333334 0.019444444444444445
22 0.7877604166666666 0.18981481481481483 0.022395833333333334 0.012962962962962963
26 0.8015625 0.1962962962962963 0.022916666666666665 0.024074074074074074
10 0.81015625 0.18055555555555555 0.0234375 0.022222222222222223
22 0.8234375 0.19074074074074074 0.022916666666666665 0.03333333333333333
27 0.49895833333333334 0.2828703703703704 0.9375 0.36203703703703705
