0 0.8653645833333333 0.11990740740740741 0.0067708333333333336 0.14722222222222223
4 0.3611979166666667 0.25046296296296294 0.022395833333333334 0.03796296296296296
0 0.8768229166666667 0.07175925925925926 0.0067708333333333336 0.05648148148148148
9 0.3723958333333333 0.26851851851851855 0.021875 0.03888888888888889
7 0.38307291666666665 0.25 0.022395833333333334 0.03888888888888889
24 0.39375 0.2689814814814815 0.021875 0.03796296296296296
15 0.4049479166666667 0.25 0.022395833333333334 0.03888888888888889
23 0.41510416666666666 0.26944444444444443 0.021875 0.03888888888888889
7 0.42630208333333336 0.25 0.022395833333333334 0.03888888888888889
21 0.43671875 0.26944444444444443 0.022395833333333334 0.03888888888888889
2 0.44765625 0.25 0.022395833333333334 0.03888888888888889
27 0.49895833333333334 0.18611111111111112 0.9375 0.37222222222222223
