13 0.24088541666666666 0.4273148148148148 0.021354166666666667 0.03611111111111111
24 0.23098958333333333 0.44537037037037036 0.021354166666666667 0.037037037037037035
11 0.21979166666666666 0.42777777777777776 0.021875 0.037037037037037035
6 0.20989583333333334 0.44537037037037036 0.021875 0.037037037037037035
1 0.19895833333333332 0.42777777777777776 0.020833333333333332 0.037037037037037035
19 0.1890625 0.44537037037037036 0.021875 0.037037037037037035
13 0.17864583333333334 0.42777777777777776 0.020833333333333332 0.037037037037037035
9 0.16770833333333332 0.44537037037037036 0.021875 0.037037037037037035
19 0.15807291666666667 0.42685185185185187 0.021354166666666667 0.037037037037037035
27 0.5005208333333333 0.3819444444444444 0.90625 0.3416666666666667
