0 0.85625 0.6074074074074074 0.00625 0.14814814814814814
13 0.715625 0.5560185185185185 0.021875 0.03796296296296296
2 0.6192708333333333 0.5375 0.021875 0.03796296296296296
0 0.9049479166666666 0.5583333333333333 0.005729166666666666 0.05555555555555555
18 0.6296875 0.5560185185185185 0.021875 0.03796296296296296
25 0.6408854166666667 0.5375 0.022395833333333334 0.03796296296296296
4 0.6510416666666666 0.5560185185185185 0.021875 0.03796296296296296
21 0.6625 0.5375 0.021875 0.03796296296296296
9 0.67265625 0.5560185185185185 0.022395833333333334 0.03796296296296296
17 0.6841145833333333 0.5375 0.022395833333333334 0.03796296296296296
5 0.6940104166666666 0.5560185185185185 0.022395833333333334 0.03796296296296296
20 0.7057291666666666 0.5375 0.021875 0.03796296296296296
27 0.49895833333333334 0.6532407407407408 0.9375 0.3527777777777778
