0 0.2669270833333333 0.7666666666666667 0.018229166666666668 0.4203703703703704
15 0.47942708333333334 0.9560185185185185 0.0640625 0.08611111111111111
0 0.61484375 0.6324074074074074 0.021354166666666667 0.1574074074074074
3 0.5096354166666667 0.9861111111111112 0.0359375 0.025925925925925925
18 0.5411458333333333 0.9569444444444445 0.06041666666666667 0.08425925925925926
5 0.57421875 0.986574074074074 0.030729166666666665 0.025
10 0.6 0.9587962962962963 0.059375 0.08055555555555556
21 0.6375 0.9847222222222223 0.027083333333333334 0.028703703703703703
21 0.66015625 0.9625 0.06197916666666667 0.07314814814814814
27 0.49973958333333335 0.7194444444444444 0.5692708333333333 0.5592592592592592
