0 0.9174479166666667 0.6407407407407407 0.005729166666666666 0.14814814814814814
14 0.44453125 0.6134259259259259 0.022395833333333334 0.03796296296296296
0 0.87734375 0.5967592592592592 0.0067708333333333336 0.05648148148148148
19 0.4552083333333333 0.5939814814814814 0.021875 0.03796296296296296
11 0.46588541666666666 0.6134259259259259 0.022395833333333334 0.03796296296296296
4 0.47682291666666665 0.5939814814814814 0.022395833333333334 0.03796296296296296
15 0.4875 0.6129629629629629 0.021875 0.03888888888888889
12 0.4984375 0.5939814814814814 0.021875 0.03796296296296296
13 0.5091145833333334 0.6134259259259259 0.022395833333333334 0.03796296296296296
22 0.5200520833333333 0.5939814814814814 0.022395833333333334 0.03796296296296296
27 0.49895833333333334 0.6888888888888889 0.9375 0.35555555555555557
