0 0.5541666666666667 0.24768518518518517 0.020833333333333332 0.41944444444444445
18 0.29296875 0.24583333333333332 0.06510416666666667 0.10462962962962963
0 0.44140625 0.11990740740740741 0.0234375 0.15648148148148147
7 0.32916666666666666 0.29259259259259257 0.06354166666666666 0.10740740740740741
23 0.3575520833333333 0.24583333333333332 0.06510416666666667 0.10462962962962963
18 0.3924479166666667 0.29305555555555557 0.0640625 0.10648148148148148
26 0.421875 0.24583333333333332 0.06458333333333334 0.10462962962962963
10 0.45390625 0.2935185185185185 0.0609375 0.10740740740740741
6 0.48411458333333335 0.24444444444444444 0.0609375 0.10555555555555556
25 0.5135416666666667 0.2949074074074074 0.06041666666666667 0.10648148148148148
27 0.49973958333333335 0.4666666666666667 0.5692708333333333 0.9333333333333333
