0 0.303125 0.1824074074074074 0.01875 0.3648148148148148
26 0.45208333333333334 0.5930555555555556 0.0625 0.10648148148148148
0 0.5010416666666667 0.049074074074074076 0.016666666666666666 0.09814814814814815
13 0.4825520833333333 0.6430555555555556 0.06197916666666667 0.10462962962962963
17 0.5125 0.5925925925925926 0.06041666666666667 0.10555555555555556
26 0.54296875 0.6444444444444445 0.059895833333333336 0.10555555555555556
11 0.57265625 0.5916666666666667 0.06197916666666667 0.10555555555555556
14 0.60234375 0.6458333333333334 0.0609375 0.10648148148148148
14 0.63515625 0.5907407407407408 0.06510416666666667 0.1037037037037037
18 0.6638020833333333 0.6453703703703704 0.0640625 0.10740740740740741
27 0.49973958333333335 0.4217592592592593 0.5692708333333333 0.8435185185185186
