0 0.5265625 0.4222222222222222 0.01875 0.40925925925925927
13 0.43515625 0.33611111111111114 0.06302083333333333 0.10740740740740741
0 0.47317708333333336 0.2953703703703704 0.0203125 0.1537037037037037
6 0.46536458333333336 0.3912037037037037 0.06510416666666667 0.10462962962962963
16 0.4979166666666667 0.33611111111111114 0.06354166666666666 0.10740740740740741
19 0.5299479166666666 0.3921296296296296 0.06510416666666667 0.10462962962962963
15 0.5609375 0.3365740740740741 0.06354166666666666 0.10648148148148148
2 0.5942708333333333 0.39166666666666666 0.06458333333333334 0.10555555555555556
20 0.6231770833333333 0.3365740740740741 0.06197916666666667 0.10648148148148148
6 0.65546875 0.3912037037037037 0.058854166666666666 0.10462962962962963
15 0.6841145833333333 0.33796296296296297 0.06197916666666667 0.10555555555555556
27 0.49973958333333335 0.5407407407407407 0.5692708333333333 0.9166666666666666
