0 0.6419270833333334 0.14629629629629629 0.019270833333333334 0.29259259259259257
12 0.32760416666666664 0.3 0.06354166666666666 0.10740740740740741
0 0.26796875 0.009722222222222222 0.019270833333333334 0.019444444444444445
26 0.35572916666666665 0.3560185185185185 0.065625 0.10462962962962963
12 0.390625 0.3 0.06354166666666666 0.10740740740740741
20 0.4203125 0.3560185185185185 0.065625 0.10462962962962963
7 0.45286458333333335 0.3 0.06197916666666667 0.10740740740740741
13 0.4828125 0.35555555555555557 0.06145833333333333 0.10555555555555556
19 0.5130208333333334 0.3013888888888889 0.06041666666666667 0.10648148148148148
3 0.54296875 0.3541666666666667 0.059895833333333336 0.10648148148148148
4 0.5731770833333333 0.30324074074074076 0.06197916666666667 0.10462962962962963
27 0.49973958333333335 0.38055555555555554 0.5692708333333333 0.7611111111111111
