13 0.6346354166666667 0.19305555555555556 0.021354166666666667 0.03611111111111111
25 0.6239583333333333 0.2101851851851852 0.021875 0.037037037037037035
14 0.6135416666666667 0.19305555555555556 0.021875 0.03611111111111111
7 0.603125 0.2111111111111111 0.021875 0.037037037037037035
16 0.5927083333333333 0.1925925925925926 0.021875 0.037037037037037035
1 0.5822916666666667 0.2111111111111111 0.021875 0.037037037037037035
24 0.5716145833333334 0.1925925925925926 0.021354166666666667 0.037037037037037035
25 0.5614583333333333 0.2111111111111111 0.021875 0.037037037037037035
23 0.55078125 0.1925925925925926 0.021354166666666667 0.037037037037037035
27 0.5005208333333333 0.18101851851851852 0.90625 0.36203703703703705
