0 0.8958333333333334 0.44537037037037036 0.00625 0.14814814814814814
23 0.5708333333333333 0.5208333333333334 0.021875 0.03796296296296296
0 0.8567708333333334 0.4041666666666667 0.00625 0.05648148148148148
5 0.5817708333333333 0.5018518518518519 0.021875 0.037037037037037035
12 0.5921875 0.5208333333333334 0.021875 0.03796296296296296
20 0.6033854166666667 0.5023148148148148 0.022395833333333334 0.03796296296296296
21 0.6135416666666667 0.5203703703703704 0.021875 0.03888888888888889
4 0.625 0.5023148148148148 0.021875 0.03796296296296296
19 0.63515625 0.5203703703703704 0.022395833333333334 0.03888888888888889
16 0.6463541666666667 0.5023148148148148 0.021875 0.03796296296296296
27 0.49895833333333334 0.5037037037037037 0.9375 0.37222222222222223
