0 0.9046875 0.6055555555555555 0.005208333333333333 0.14814814814814814
16 0.22916666666666666 0.6152777777777778 0.021875 0.03796296296296296
0 0.86640625 0.5611111111111111 0.005729166666666666 0.05555555555555555
1 0.23932291666666666 0.5967592592592592 0.022395833333333334 0.03796296296296296
18 0.25026041666666665 0.6152777777777778 0.021354166666666667 0.03796296296296296
21 0.26119791666666664 0.5967592592592592 0.022395833333333334 0.03796296296296296
16 0.2716145833333333 0.6152777777777778 0.022395833333333334 0.03796296296296296
18 0.2830729166666667 0.5967592592592592 0.022395833333333334 0.03796296296296296
16 0.29296875 0.6152777777777778 0.022395833333333334 0.03796296296296296
27 0.49895833333333334 0.6546296296296297 0.9375 0.3537037037037037
