0 0.9174479166666667 0.425462962962963 0.005729166666666666 0.14907407407407408
16 0.47291666666666665 0.500462962962963 0.021875 0.03796296296296296
0 0.9049479166666666 0.38287037037037036 0.005729166666666666 0.05648148148148148
20 0.48359375 0.5189814814814815 0.022395833333333334 0.03796296296296296
14 0.4942708333333333 0.500462962962963 0.021875 0.03796296296296296
16 0.5052083333333334 0.5189814814814815 0.021875 0.03796296296296296
6 0.5158854166666667 0.500462962962963 0.022395833333333334 0.03796296296296296
8 0.5265625 0.5189814814814815 0.021875 0.03796296296296296
16 0.5375 0.500462962962963 0.021875 0.03796296296296296
12 0.5481770833333334 0.5189814814814815 0.022395833333333334 0.03796296296296296
9 0.5591145833333333 0.500462962962963 0.022395833333333334 0.03796296296296296
27 0.49895833333333334 0.4722222222222222 0.9375 0.3537037037037037
