8 0.5075520833333333 0.21666666666666667 0.021354166666666667 0.037037037037037035
23 0.49713541666666666 0.23564814814814813 0.021354166666666667 0.03611111111111111
2 0.48671875 0.21712962962962962 0.021354166666666667 0.03611111111111111
13 0.47630208333333335 0.23564814814814813 0.021354166666666667 0.03796296296296296
14 0.46588541666666666 0.21712962962962962 0.021354166666666667 0.03611111111111111
1 0.45546875 0.2351851851851852 0.021354166666666667 0.037037037037037035
13 0.44505208333333335 0.2175925925925926 0.021354166666666667 0.037037037037037035
5 0.43463541666666666 0.23472222222222222 0.021354166666666667 0.03611111111111111
1 0.4239583333333333 0.2175925925925926 0.021875 0.037037037037037035
27 0.5005208333333333 0.24953703703703703 0.90625 0.3527777777777778
