0 0.359375 0.8361111111111111 0.01875 0.32592592592592595
5 0.3263020833333333 0.9861111111111112 0.04010416666666667 0.025925925925925925
0 0.55390625 0.737037037037037 0.0234375 0.13518518518518519
22 0.3927083333333333 0.9851851851851852 0.04583333333333333 0.027777777777777776
18 0.45598958333333334 0.975925925925926 0.05677083333333333 0.046296296296296294
11 0.4817708333333333 0.9921296296296296 0.011458333333333333 0.013888888888888888
11 0.5111979166666667 0.9601851851851851 0.0546875 0.07777777777777778
15 0.5388020833333333 0.9824074074074074 0.033854166666666664 0.03333333333333333
9 0.5666666666666667 0.9560185185185185 0.057291666666666664 0.08611111111111111
27 0.49973958333333335 0.7546296296296297 0.5692708333333333 0.4888888888888889
