19 0.48671875 0.25092592592592594 0.021354166666666667 0.037037037037037035
5 0.58125 0.2337962962962963 0.021875 0.03611111111111111
23 0.5705729166666667 0.25092592592592594 0.021354166666666667 0.037037037037037035
15 0.56015625 0.23333333333333334 0.021354166666666667 0.037037037037037035
1 0.5497395833333333 0.25092592592592594 0.021354166666666667 0.037037037037037035
16 0.5393229166666667 0.23425925925925925 0.021354166666666667 0.037037037037037035
17 0.52890625 0.25092592592592594 0.021354166666666667 0.037037037037037035
18 0.5182291666666666 0.2337962962962963 0.021875 0.03611111111111111
18 0.5080729166666667 0.25092592592592594 0.021354166666666667 0.037037037037037035
9 0.4973958333333333 0.2337962962962963 0.021875 0.03611111111111111
27 0.5005208333333333 0.25972222222222224 0.90625 0.3509259259259259
