18 0.3059895833333333 0.6240740740740741 0.021354166666666667 0.037037037037037035
17 0.3997395833333333 0.6064814814814815 0.021354166666666667 0.037037037037037035
9 0.38984375 0.6240740740740741 0.021354166666666667 0.037037037037037035
13 0.37890625 0.6064814814814815 0.021354166666666667 0.037037037037037035
26 0.3690104166666667 0.625 0.021354166666666667 0.037037037037037035
5 0.3580729166666667 0.6064814814814815 0.021354166666666667 0.037037037037037035
13 0.34791666666666665 0.625 0.021875 0.037037037037037035
14 0.3372395833333333 0.6064814814814815 0.021354166666666667 0.037037037037037035
2 0.3268229166666667 0.6240740740740741 0.021354166666666667 0.037037037037037035
7 0.31640625 0.6064814814814815 0.021354166666666667 0.037037037037037035
27 0.5005208333333333 0.649074074074074 0.90625 0.34074074074074073
