0 0.8565104166666667 0.5 0.005729166666666666 0.14814814814814814
7 0.48932291666666666 0.5560185185185185 0.022395833333333334 0.03796296296296296
0 0.8661458333333333 0.45231481481481484 0.00625 0.05648148148148148
16 0.5002604166666667 0.5745370370370371 0.022395833333333334 0.03796296296296296
19 0.5109375 0.5560185185185185 0.021875 0.03796296296296296
25 0.5216145833333333 0.5745370370370371 0.022395833333333334 0.03796296296296296
20 0.5322916666666667 0.5560185185185185 0.021875 0.03796296296296296
1 0.5432291666666667 0.5736111111111111 0.021875 0.03796296296296296
25 0.55390625 0.5560185185185185 0.022395833333333334 0.03796296296296296
10 0.56484375 0.5740740740740741 0.022395833333333334 0.037037037037037035
3 0.5755208333333334 0.5560185185185185 0.022916666666666665 0.03796296296296296
27 0.49895833333333334 0.5439814814814815 0.9375 0.3527777777777778
