0 0.8565104166666667 0.6699074074074074 0.005729166666666666 0.14907407407407408
4 0.5177083333333333 0.6787037037037037 0.021875 0.03888888888888889
0 0.8661458333333333 0.6222222222222222 0.00625 0.05555555555555555
12 0.5283854166666667 0.6606481481481481 0.022395833333333334 0.03796296296296296
7 0.5393229166666667 0.6791666666666667 0.022395833333333334 0.03796296296296296
3 0.55 0.6606481481481481 0.021875 0.03796296296296296
18 0.5609375 0.6791666666666667 0.021875 0.03796296296296296
6 0.5713541666666667 0.6611111111111111 0.021875 0.03888888888888889
20 0.5825520833333333 0.6787037037037037 0.022395833333333334 0.03888888888888889
23 0.59296875 0.6606481481481481 0.022395833333333334 0.03796296296296296
27 0.49895833333333334 0.711574074074074 0.9375 0.36018518518518516
