0 0.3848958333333333 0.4078703703703704 0.019791666666666666 0.41944444444444445
2 0.48489583333333336 0.2935185185185185 0.06041666666666667 0.10555555555555556
0 0.47317708333333336 0.2828703703703704 0.0203125 0.15462962962962962
2 0.5145833333333333 0.3453703703703704 0.06041666666666667 0.10555555555555556
23 0.54453125 0.2912037037037037 0.059895833333333336 0.10648148148148148
20 0.5765625 0.34675925925925927 0.06458333333333334 0.10462962962962963
19 0.6057291666666667 0.29074074074074074 0.06354166666666666 0.10740740740740741
23 0.6403645833333333 0.3476851851851852 0.06510416666666667 0.10462962962962963
8 0.66875 0.29074074074074074 0.06354166666666666 0.10740740740740741
27 0.49973958333333335 0.5388888888888889 0.5692708333333333 0.9203703703703704
