5 0.8236979166666667 0.5282407407407408 0.021354166666666667 0.03611111111111111
9 0.8138020833333334 0.5462962962962963 0.021354166666666667 0.037037037037037035
13 0.8028645833333333 0.5282407407407408 0.021354166666666667 0.03611111111111111
5 0.79296875 0.5458333333333333 0.021354166666666667 0.03611111111111111
25 0.78203125 0.5287037037037037 0.021354166666666667 0.037037037037037035
7 0.771875 0.5462962962962963 0.021875 0.037037037037037035
19 0.7614583333333333 0.5287037037037037 0.020833333333333332 0.037037037037037035
22 0.7510416666666667 0.5462962962962963 0.021875 0.037037037037037035
2 0.7408854166666666 0.5282407407407408 0.021354166666666667 0.03611111111111111
27 0.5005208333333333 0.5847222222222223 0.90625 0.3416666666666667
