0 0.92578125 0.0763888888888889 0.005729166666666666 0.14722222222222223
15 0.5356770833333333 0.11712962962962963 0.022395833333333334 0.03796296296296296
0 0.89609375 0.012962962962962963 0.0067708333333333336 0.025925925925925925
16 0.5463541666666667 0.09814814814814815 0.021875 0.03888888888888889
6 0.55703125 0.11805555555555555 0.022395833333333334 0.03796296296296296
17 0.5677083333333334 0.09768518518518518 0.021875 0.03796296296296296
11 0.57890625 0.11805555555555555 0.022395833333333334 0.03796296296296296
5 0.5893229166666667 0.09814814814814815 0.022395833333333334 0.03888888888888889
18 0.6005208333333333 0.11805555555555555 0.021875 0.03796296296296296
23 0.6109375 0.09768518518518518 0.021875 0.03796296296296296
27 0.49895833333333334 0.15694444444444444 0.9375 0.3138888888888889
