0 0.9046875 0.837037037037037 0.005208333333333333 0.14814814814814814
20 0.7294270833333333 0.9259259259259259 0.021354166666666667 0.03888888888888889
0 0.9177083333333333 0.7949074074074074 0.00625 0.05648148148148148
26 0.7408854166666666 0.9055555555555556 0.022395833333333334 0.03888888888888889
20 0.75078125 0.9254629629629629 0.022395833333333334 0.03796296296296296
11 0.7627604166666667 0.9060185185185186 0.022395833333333334 0.03796296296296296
6 0.7721354166666666 0.9254629629629629 0.022395833333333334 0.03796296296296296
18 0.7841145833333333 0.9055555555555556 0.022395833333333334 0.037037037037037035
3 0.79375 0.9259259259259259 0.021875 0.03888888888888889
27 0.49895833333333334 0.8347222222222223 0.9375 0.3287037037037037
