0 0.8658854166666666 0.6981481481481482 0.005729166666666666 0.14814814814814814
23 0.13463541666666667 0.725462962962963 0.022395833333333334 0.03796296296296296
0 0.9177083333333333 0.6518518518518519 0.00625 0.05555555555555555
13 0.146875 0.7074074074074074 0.021875 0.03888888888888889
9 0.15625 0.725462962962963 0.021875 0.03796296296296296
14 0.16822916666666668 0.7078703703703704 0.021875 0.03796296296296296
19 0.17838541666666666 0.725462962962963 0.022395833333333334 0.03796296296296296
25 0.1890625 0.7069444444444445 0.021875 0.03796296296296296
2 0.20026041666666666 0.7263888888888889 0.022395833333333334 0.03796296296296296
27 0.49895833333333334 0.7375 0.9375 0.36574074074074076
