0 0.8958333333333334 0.6462962962962963 0.00625 0.14814814814814814
1 0.6729166666666667 0.6699074074074074 0.021875 0.03796296296296296
0 0.8770833333333333 0.5967592592592592 0.00625 0.05648148148148148
3 0.684375 0.6875 0.022916666666666665 0.03796296296296296
25 0.6942708333333333 0.6699074074074074 0.021875 0.03796296296296296
17 0.7059895833333333 0.6875 0.022395833333333334 0.03796296296296296
24 0.7158854166666667 0.6699074074074074 0.022395833333333334 0.03796296296296296
11 0.72734375 0.6875 0.022395833333333334 0.03796296296296296
16 0.7375 0.6694444444444444 0.021875 0.03888888888888889
10 0.7489583333333333 0.687962962962963 0.021875 0.03888888888888889
3 0.759375 0.6694444444444444 0.022916666666666665 0.037037037037037035
27 0.49895833333333334 0.6893518518518519 0.9375 0.35648148148148145
