0 0.92578125 0.9175925925925926 0.005729166666666666 0.14814814814814814
20 0.22916666666666666 0.8939814814814815 0.021875 0.03796296296296296
0 0.9375 0.8462962962962963 0.00625 0.05555555555555555
21 0.23958333333333334 0.874537037037037 0.022916666666666665 0.03796296296296296
24 0.25026041666666665 0.8925925925925926 0.021354166666666667 0.03888888888888889
11 0.26171875 0.875 0.022395833333333334 0.03888888888888889
7 0.271875 0.8921296296296296 0.021875 0.03796296296296296
4 0.2833333333333333 0.875462962962963 0.021875 0.03796296296296296
6 0.29322916666666665 0.8921296296296296 0.021875 0.03796296296296296
14 0.30494791666666665 0.875 0.022395833333333334 0.03888888888888889
27 0.49895833333333334 0.8550925925925926 0.9375 0.287962962962963
