0 0.88515625 0.31527777777777777 0.005729166666666666 0.14722222222222223
9 0.6708333333333333 0.3148148148148148 0.021875 0.03888888888888889
0 0.8661458333333333 0.27314814814814814 0.00625 0.05555555555555555
18 0.6822916666666666 0.2967592592592593 0.021875 0.03796296296296296
23 0.6921875 0.3143518518518518 0.021875 0.03796296296296296
15 0.70390625 0.2967592592592593 0.022395833333333334 0.03796296296296296
13 0.7138020833333333 0.3143518518518518 0.022395833333333334 0.03796296296296296
23 0.7252604166666666 0.2972222222222222 0.022395833333333334 0.03888888888888889
8 0.73515625 0.3143518518518518 0.022395833333333334 0.03796296296296296
19 0.7471354166666667 0.2967592592592593 0.022395833333333334 0.03796296296296296
27 0.49895833333333334 0.3625 0.9375 0.3527777777777778
