0 0.8768229166666667 0.49537037037037035 0.005729166666666666 0.14814814814814814
16 0.23385416666666667 0.6467592592592593 0.021875 0.03796296296296296
0 0.89609375 0.449537037037037 0.0067708333333333336 0.05648148148148148
3 0.24583333333333332 0.6287037037037037 0.021875 0.03888888888888889
17 0.25546875 0.6467592592592593 0.022395833333333334 0.03796296296296296
2 0.2671875 0.6282407407407408 0.021875 0.03796296296296296
21 0.27708333333333335 0.6467592592592593 0.021875 0.03796296296296296
6 0.28880208333333335 0.6282407407407408 0.022395833333333334 0.03796296296296296
13 0.2986979166666667 0.6467592592592593 0.022395833333333334 0.03796296296296296
7 0.31015625 0.6282407407407408 0.022395833333333334 0.03796296296296296
27 0.49895833333333334 0.5430555555555555 0.9375 0.3527777777777778
