0 0.6942708333333333 0.14027777777777778 0.017708333333333333 0.28055555555555556
9 0.2955729166666667 0.3541666666666667 0.06510416666666667 0.10462962962962963
0 0.26875 0.008333333333333333 0.021875 0.016666666666666666
16 0.33177083333333335 0.2972222222222222 0.06354166666666666 0.10740740740740741
24 0.36015625 0.3537037037037037 0.06510416666666667 0.1037037037037037
15 0.39453125 0.2972222222222222 0.06302083333333333 0.10740740740740741
26 0.4239583333333333 0.35324074074074074 0.06354166666666666 0.10462962962962963
13 0.45546875 0.29814814814814816 0.059895833333333336 0.10740740740740741
2 0.48489583333333336 0.35185185185185186 0.06041666666666667 0.10555555555555556
27 0.49973958333333335 0.3712962962962963 0.5692708333333333 0.7425925925925926
