0 0.2669270833333333 0.449537037037037 0.018229166666666668 0.41944444444444445
14 0.3828125 0.6060185185185185 0.06354166666666666 0.10648148148148148
0 0.47291666666666665 0.32222222222222224 0.019791666666666666 0.1537037037037037
8 0.4125 0.5513888888888889 0.065625 0.10462962962962963
20 0.44583333333333336 0.6064814814814815 0.06354166666666666 0.10740740740740741
15 0.47682291666666665 0.5523148148148148 0.06510416666666667 0.10462962962962963
25 0.5083333333333333 0.6060185185185185 0.0625 0.10648148148148148
17 0.5395833333333333 0.5523148148148148 0.06145833333333333 0.10462962962962963
1 0.5692708333333333 0.6055555555555555 0.06041666666666667 0.10555555555555556
7 0.5994791666666667 0.5527777777777778 0.059375 0.10555555555555556
27 0.49973958333333335 0.5569444444444445 0.5692708333333333 0.8842592592592593
