0 0.5541666666666667 0.17407407407407408 0.020833333333333332 0.34814814814814815
25 0.39375 0.35694444444444445 0.06354166666666666 0.10648148148148148
0 0.6427083333333333 0.05092592592592592 0.01875 0.10185185185185185
7 0.4231770833333333 0.3087962962962963 0.0640625 0.10462962962962963
13 0.4549479166666667 0.3578703703703704 0.059895833333333336 0.10648148148148148
18 0.48489583333333336 0.30648148148148147 0.06041666666666667 0.10555555555555556
12 0.5143229166666666 0.3592592592592593 0.0609375 0.10555555555555556
14 0.5442708333333334 0.3050925925925926 0.059375 0.10648148148148148
23 0.5755208333333334 0.36018518518518516 0.06354166666666666 0.10555555555555556
27 0.4979166666666667 0.4125 0.565625 0.825
