0 0.6419270833333334 0.887962962962963 0.019270833333333334 0.2222222222222222
1 0.3651041666666667 0.9800925925925926 0.03958333333333333 0.03796296296296296
0 0.55625 0.861574074074074 0.021875 0.15648148148148147
1 0.4 0.9560185185185185 0.059375 0.08611111111111111
7 0.4265625 0.9824074074074074 0.04479166666666667 0.03333333333333333
25 0.459375 0.9541666666666667 0.06145833333333333 0.08981481481481482
7 0.4901041666666667 0.9847222222222223 0.046875 0.028703703703703703
12 0.5221354166666666 0.9537037037037037 0.06510416666666667 0.09074074074074075
6 0.5526041666666667 0.9847222222222223 0.04583333333333333 0.028703703703703703
23 0.58671875 0.9532407407407407 0.06510416666666667 0.09166666666666666
27 0.49973958333333335 0.7615740740740741 0.5692708333333333 0.475
