0 0.8565104166666667 0.4486111111111111 0.005729166666666666 0.14907407407407408
26 0.775 0.5972222222222222 0.021875 0.03888888888888889
0 0.8854166666666666 0.4 0.00625 0.05555555555555555
10 0.7869791666666667 0.5782407407407407 0.021875 0.03796296296296296
12 0.7966145833333333 0.5976851851851852 0.022395833333333334 0.03796296296296296
25 0.80859375 0.5782407407407407 0.022395833333333334 0.03796296296296296
2 0.81796875 0.5972222222222222 0.022395833333333334 0.03888888888888889
8 0.8299479166666667 0.5782407407407407 0.022395833333333334 0.03796296296296296
5 0.8401041666666667 0.5972222222222222 0.022916666666666665 0.037037037037037035
27 0.49895833333333334 0.4925925925925926 0.9375 0.3537037037037037
