0 0.8768229166666667 0.5574074074074075 0.005729166666666666 0.14814814814814814
18 0.38958333333333334 0.5648148148148148 0.021875 0.03888888888888889
20 0.2921875 0.5462962962962963 0.021875 0.03888888888888889
0 0.9046875 0.5092592592592593 0.005208333333333333 0.05555555555555555
15 0.30364583333333334 0.5652777777777778 0.021875 0.03796296296296296
8 0.3138020833333333 0.5467592592592593 0.022395833333333334 0.03796296296296296
18 0.32526041666666666 0.5652777777777778 0.022395833333333334 0.03796296296296296
2 0.33515625 0.5467592592592593 0.022395833333333334 0.03796296296296296
15 0.34661458333333334 0.5652777777777778 0.022395833333333334 0.03796296296296296
12 0.3567708333333333 0.5467592592592593 0.021875 0.03796296296296296
17 0.36822916666666666 0.5652777777777778 0.021875 0.03796296296296296
16 0.37838541666666664 0.5467592592592593 0.022395833333333334 0.03796296296296296
27 0.49895833333333334 0.6050925925925926 0.9375 0.3527777777777778
