0 0.9046875 0.799074074074074 0.005208333333333333 0.14814814814814814
24 0.06640625 0.7865740740740741 0.021354166666666667 0.03796296296296296
0 0.86640625 0.7546296296296297 0.005729166666666666 0.05555555555555555
14 0.07604166666666666 0.7671296296296296 0.022916666666666665 0.03796296296296296
21 0.08723958333333333 0.7856481481481481 0.021354166666666667 0.03796296296296296
8 0.0984375 0.7675925925925926 0.022916666666666665 0.03888888888888889
6 0.10833333333333334 0.7851851851851852 0.021875 0.03888888888888889
9 0.12057291666666667 0.7675925925925926 0.022395833333333334 0.03888888888888889
24 0.1296875 0.7847222222222222 0.021875 0.03796296296296296
3 0.1421875 0.7680555555555556 0.021875 0.03796296296296296
27 0.49895833333333334 0.8185185185185185 0.9375 0.3611111111111111
