0 0.92578125 0.8944444444444445 0.005729166666666666 0.14814814814814814
1 0.85390625 0.8449074074074074 0.022395833333333334 0.03796296296296296
0 0.8963541666666667 0.8217592592592593 0.00625 0.05648148148148148
14 0.86640625 0.8245370370370371 0.022395833333333334 0.03796296296296296
25 0.8755208333333333 0.8449074074074074 0.021875 0.03796296296296296
8 0.8877604166666667 0.8245370370370371 0.022395833333333334 0.03796296296296296
17 0.896875 0.8449074074074074 0.021875 0.03796296296296296
25 0.9096354166666667 0.825 0.022395833333333334 0.03888888888888889
21 0.9184895833333333 0.8444444444444444 0.022395833333333334 0.03888888888888889
1 0.9309895833333334 0.825925925925926 0.022395833333333334 0.03518518518518519
27 0.49895833333333334 0.8449074074074074 0.9375 0.30833333333333335
