0 0.92578125 0.45555555555555555 0.005729166666666666 0.14814814814814814
6 0.18203125 0.4875 0.022395833333333334 0.03796296296296296
0 0.87734375 0.3819444444444444 0.0067708333333333336 0.05648148148148148
14 0.19140625 0.4689814814814815 0.022395833333333334 0.03796296296296296
19 0.20338541666666668 0.4875 0.022395833333333334 0.03796296296296296
23 0.21276041666666667 0.4689814814814815 0.022395833333333334 0.03796296296296296
15 0.225 0.4875 0.021875 0.03796296296296296
8 0.23463541666666668 0.4689814814814815 0.022395833333333334 0.03796296296296296
2 0.24661458333333333 0.4875 0.022395833333333334 0.03796296296296296
26 0.2559895833333333 0.4689814814814815 0.022395833333333334 0.03796296296296296
27 0.49895833333333334 0.475462962962963 0.9375 0.3527777777777778
