24 0.1875 0.5300925925925926 0.021875 0.03611111111111111
6 0.28151041666666665 0.5120370370370371 0.021354166666666667 0.037037037037037035
18 0.2716145833333333 0.5296296296296297 0.021354166666666667 0.037037037037037035
7 0.26067708333333334 0.5120370370370371 0.021354166666666667 0.037037037037037035
4 0.25078125 0.5305555555555556 0.021354166666666667 0.037037037037037035
17 0.23984375 0.5120370370370371 0.021354166666666667 0.037037037037037035
8 0.22994791666666667 0.5300925925925926 0.021354166666666667 0.03611111111111111
1 0.21901041666666668 0.5120370370370371 0.021354166666666667 0.037037037037037035
13 0.20885416666666667 0.5300925925925926 0.021875 0.03611111111111111
4 0.1984375 0.5120370370370371 0.020833333333333332 0.037037037037037035
27 0.5005208333333333 0.5939814814814814 0.90625 0.3416666666666667
