0 0.88515625 0.5069444444444444 0.005729166666666666 0.14722222222222223
6 0.6953125 0.48518518518518516 0.021875 0.03888888888888889
0 0.9174479166666667 0.46064814814814814 0.005729166666666666 0.05648148148148148
18 0.7067708333333333 0.4666666666666667 0.021875 0.03888888888888889
18 0.7169270833333333 0.48564814814814816 0.022395833333333334 0.03796296296296296
14 0.728125 0.4666666666666667 0.021875 0.03888888888888889
22 0.7385416666666667 0.48518518518518516 0.022916666666666665 0.03888888888888889
2 0.7494791666666667 0.46620370370370373 0.021875 0.03796296296296296
17 0.7606770833333333 0.48518518518518516 0.022395833333333334 0.037037037037037035
27 0.49895833333333334 0.5513888888888889 0.9375 0.3527777777777778
