0 0.8768229166666667 0.2212962962962963 0.005729166666666666 0.14814814814814814
7 0.25546875 0.30972222222222223 0.022395833333333334 0.03796296296296296
0 0.86640625 0.17314814814814813 0.0067708333333333336 0.05555555555555555
25 0.2671875 0.32685185185185184 0.021875 0.03888888888888889
14 0.27708333333333335 0.30972222222222223 0.021875 0.03796296296296296
4 0.28854166666666664 0.32731481481481484 0.021875 0.03796296296296296
23 0.2986979166666667 0.30972222222222223 0.022395833333333334 0.03796296296296296
2 0.31015625 0.32731481481481484 0.022395833333333334 0.03796296296296296
8 0.32057291666666665 0.30972222222222223 0.022395833333333334 0.03796296296296296
5 0.33125 0.32731481481481484 0.021875 0.03796296296296296
18 0.3424479166666667 0.3087962962962963 0.022395833333333334 0.03796296296296296
27 0.49895833333333334 0.2712962962962963 0.9375 0.3648148148148148
