0 0.6942708333333333 0.24166666666666667 0.017708333333333333 0.40925925925925927
25 0.290625 0.5078703703703704 0.06458333333333334 0.10462962962962963
0 0.36015625 0.11666666666666667 0.0203125 0.1537037037037037
25 0.3265625 0.5606481481481481 0.06354166666666666 0.10648148148148148
20 0.3546875 0.5074074074074074 0.065625 0.1037037037037037
4 0.38958333333333334 0.5601851851851852 0.06354166666666666 0.10740740740740741
20 0.41953125 0.5069444444444444 0.06510416666666667 0.10462962962962963
14 0.45208333333333334 0.5597222222222222 0.0625 0.10648148148148148
18 0.4822916666666667 0.5069444444444444 0.0625 0.10462962962962963
8 0.5125 0.5587962962962963 0.06041666666666667 0.10462962962962963
27 0.49973958333333335 0.46574074074074073 0.5692708333333333 0.9314814814814815
