0 0.88515625 0.6847222222222222 0.005729166666666666 0.14722222222222223
16 0.74921875 0.7263888888888889 0.021354166666666667 0.03796296296296296
0 0.9260416666666667 0.6666666666666666 0.007291666666666667 0.05555555555555555
13 0.7598958333333333 0.7078703703703704 0.021875 0.03796296296296296
13 0.7703125 0.7268518518518519 0.021875 0.03888888888888889
21 0.7815104166666667 0.7078703703703704 0.022395833333333334 0.03796296296296296
24 0.79140625 0.7273148148148149 0.022395833333333334 0.03796296296296296
26 0.8033854166666666 0.7078703703703704 0.022395833333333334 0.03796296296296296
21 0.8130208333333333 0.7273148148148149 0.021875 0.03796296296296296
17 0.8252604166666667 0.7078703703703704 0.022395833333333334 0.03796296296296296
27 0.49895833333333334 0.7273148148148149 0.9375 0.3638888888888889
