0 0.8565104166666667 0.22037037037037038 0.005729166666666666 0.14814814814814814
25 0.6682291666666667 0.28564814814814815 0.021875 0.03796296296296296
0 0.86640625 0.17407407407407408 0.005729166666666666 0.05555555555555555
18 0.6794270833333333 0.3050925925925926 0.022395833333333334 0.03796296296296296
24 0.6895833333333333 0.28564814814814815 0.021875 0.03796296296296296
21 0.7010416666666667 0.3050925925925926 0.021875 0.03796296296296296
2 0.7106770833333333 0.28564814814814815 0.022395833333333334 0.03796296296296296
8 0.72265625 0.3050925925925926 0.022395833333333334 0.03796296296296296
2 0.7322916666666667 0.28564814814814815 0.021875 0.03796296296296296
23 0.7442708333333333 0.3050925925925926 0.021875 0.03796296296296296
22 0.75390625 0.28564814814814815 0.022395833333333334 0.03796296296296296
27 0.49895833333333334 0.2689814814814815 0.9375 0.36574074074074076
