0 0.5825520833333333 0.5370370370370371 0.019270833333333334 0.40925925925925927
23 0.40078125 0.8268518518518518 0.059895833333333336 0.10555555555555556
0 0.6151041666666667 0.4023148148148148 0.017708333333333333 0.15648148148148147
4 0.4322916666666667 0.7787037037037037 0.06145833333333333 0.10740740740740741
11 0.4625 0.8245370370370371 0.06458333333333334 0.10462962962962963
6 0.4942708333333333 0.7791666666666667 0.06354166666666666 0.10648148148148148
25 0.5263020833333333 0.8245370370370371 0.06510416666666667 0.10462962962962963
12 0.5572916666666666 0.7796296296296297 0.06354166666666666 0.10740740740740741
17 0.5908854166666667 0.8245370370370371 0.06510416666666667 0.10462962962962963
27 0.49973958333333335 0.600462962962963 0.5692708333333333 0.7972222222222223
