0 0.8658854166666666 0.6763888888888889 0.005729166666666666 0.14722222222222223
18 0.07421875 0.6736111111111112 0.022395833333333334 0.03796296296296296
0 0.9174479166666667 0.6277777777777778 0.005729166666666666 0.05555555555555555
20 0.08645833333333333 0.6935185185185185 0.021875 0.03888888888888889
23 0.09609375 0.674074074074074 0.022395833333333334 0.03888888888888889
19 0.10755208333333334 0.6930555555555555 0.021354166666666667 0.03796296296296296
15 0.11822916666666666 0.674537037037037 0.022916666666666665 0.03796296296296296
11 0.12838541666666667 0.6930555555555555 0.021354166666666667 0.03796296296296296
2 0.14036458333333332 0.674537037037037 0.022395833333333334 0.03796296296296296
27 0.49895833333333334 0.7171296296296297 0.9375 0.36203703703703705
