0 0.8565104166666667 0.09166666666666666 0.005729166666666666 0.14814814814814814
26 0.8911458333333333 0.1884259259259259 0.021875 0.03796296296296296
11 0.79296875 0.1685185185185185 0.022395833333333334 0.03888888888888889
0 0.9260416666666667 0.07407407407407407 0.00625 0.05555555555555555
21 0.8049479166666667 0.18888888888888888 0.022395833333333334 0.03888888888888889
20 0.8143229166666667 0.16898148148148148 0.022395833333333334 0.03796296296296296
26 0.8265625 0.1884259259259259 0.021875 0.03796296296296296
12 0.8359375 0.16898148148148148 0.021875 0.03796296296296296
25 0.8481770833333333 0.1884259259259259 0.022395833333333334 0.03796296296296296
3 0.8572916666666667 0.16898148148148148 0.021875 0.03796296296296296
11 0.86953125 0.1884259259259259 0.022395833333333334 0.03796296296296296
26 0.87890625 0.16898148148148148 0.022395833333333334 0.03796296296296296
27 0.49895833333333334 0.17453703703703705 0.9375 0.3490740740740741
