0 0.49973958333333335 0.14583333333333334 0.019270833333333334 0.2916666666666667
24 0.34427083333333336 0.5648148148148148 0.059375 0.10555555555555556
0 0.2677083333333333 0.018055555555555554 0.019791666666666666 0.03611111111111111
12 0.3768229166666667 0.512962962962963 0.06197916666666667 0.10740740740740741
10 0.40546875 0.5643518518518519 0.06510416666666667 0.10462962962962963
8 0.4390625 0.512962962962963 0.06354166666666666 0.10740740740740741
11 0.4700520833333333 0.5643518518518519 0.06510416666666667 0.10462962962962963
3 0.5020833333333333 0.512962962962963 0.06354166666666666 0.10740740740740741
20 0.534375 0.5643518518518519 0.065625 0.10462962962962963
27 0.49973958333333335 0.3819444444444444 0.5692708333333333 0.7638888888888888
