0 0.5265625 0.4078703703703704 0.01875 0.4101851851851852
14 0.31536458333333334 0.4736111111111111 0.06197916666666667 0.10648148148148148
0 0.41744791666666664 0.26342592592592595 0.019270833333333334 0.15462962962962962
4 0.34427083333333336 0.4217592592592593 0.059375 0.10462962962962963
18 0.3768229166666667 0.4736111111111111 0.06197916666666667 0.10648148148148148
25 0.40546875 0.4222222222222222 0.06510416666666667 0.10555555555555556
16 0.4388020833333333 0.47314814814814815 0.0640625 0.10740740740740741
22 0.4700520833333333 0.42268518518518516 0.06510416666666667 0.10462962962962963
12 0.5020833333333333 0.47314814814814815 0.06354166666666666 0.10740740740740741
9 0.534375 0.4222222222222222 0.065625 0.1037037037037037
27 0.49973958333333335 0.5296296296296297 0.5692708333333333 0.9388888888888889
