0 0.8565104166666667 0.8189814814814815 0.005729166666666666 0.14907407407407408
21 0.5528645833333333 0.9013888888888889 0.022395833333333334 0.03796296296296296
0 0.8958333333333334 0.775 0.00625 0.05555555555555555
15 0.5638020833333334 0.9185185185185185 0.022395833333333334 0.037037037037037035
20 0.57421875 0.9018518518518519 0.022395833333333334 0.03888888888888889
4 0.5854166666666667 0.9185185185185185 0.021875 0.03888888888888889
20 0.59609375 0.9013888888888889 0.022395833333333334 0.03796296296296296
9 0.6067708333333334 0.9199074074074074 0.021875 0.03796296296296296
20 0.6177083333333333 0.9004629629629629 0.021875 0.03796296296296296
18 0.628125 0.9199074074074074 0.021875 0.03796296296296296
25 0.6393229166666666 0.9 0.022395833333333334 0.03888888888888889
27 0.49895833333333334 0.825925925925926 0.9375 0.34629629629629627
