0 0.49973958333333335 0.19814814814814816 0.019270833333333334 0.3962962962962963
24 0.34270833333333334 0.1884259259259259 0.058333333333333334 0.10648148148148148
0 0.6151041666666667 0.07083333333333333 0.021875 0.14166666666666666
15 0.37265625 0.1361111111111111 0.0609375 0.10555555555555556
13 0.4015625 0.19074074074074074 0.06041666666666667 0.10555555555555556
8 0.43385416666666665 0.13333333333333333 0.0625 0.10740740740740741
10 0.46380208333333334 0.19305555555555556 0.06510416666666667 0.10462962962962963
17 0.49609375 0.13287037037037036 0.0640625 0.10648148148148148
16 0.5283854166666667 0.19305555555555556 0.06510416666666667 0.10462962962962963
16 0.5588541666666667 0.13287037037037036 0.06354166666666666 0.10648148148148148
27 0.49973958333333335 0.44074074074074077 0.5692708333333333 0.8814814814814815
