0 0.92578125 0.31157407407407406 0.005729166666666666 0.14722222222222223
13 0.5747395833333333 0.38935185185185184 0.022395833333333334 0.03796296296296296
0 0.8666666666666667 0.2351851851851852 0.008333333333333333 0.05555555555555555
9 0.5859375 0.40879629629629627 0.021875 0.03796296296296296
25 0.5966145833333333 0.38981481481481484 0.022395833333333334 0.03888888888888889
22 0.6072916666666667 0.4083333333333333 0.021875 0.03888888888888889
7 0.6182291666666667 0.3902777777777778 0.021875 0.03796296296296296
23 0.6283854166666667 0.4078703703703704 0.022395833333333334 0.03796296296296296
12 0.63984375 0.3902777777777778 0.022395833333333334 0.03796296296296296
10 0.65 0.4078703703703704 0.021875 0.03796296296296296
5 0.6614583333333334 0.3902777777777778 0.021875 0.03796296296296296
27 0.49895833333333334 0.32731481481481484 0.9375 0.3527777777777778
