0 0.8768229166666667 0.8800925925925925 0.005729166666666666 0.14907407407407408
12 0.17760416666666667 0.9976851851851852 0.003125 0.002777777777777778
24 0.08125 0.9898148148148148 0.021875 0.018518518518518517
0 0.8567708333333334 0.8337962962962963 0.00625 0.05648148148148148
1 0.09192708333333334 0.9976851851851852 0.0036458333333333334 0.002777777777777778
18 0.10260416666666666 0.9893518518518518 0.021875 0.019444444444444445
5 0.11328125 0.9981481481481481 0.0036458333333333334 0.001851851851851852
22 0.12395833333333334 0.9893518518518518 0.021875 0.019444444444444445
15 0.13489583333333333 0.9981481481481481 0.003125 0.001851851851851852
6 0.14557291666666666 0.9898148148148148 0.022395833333333334 0.018518518518518517
18 0.15625 0.9981481481481481 0.003125 0.001851851851851852
20 0.1671875 0.9898148148148148 0.021875 0.018518518518518517
27 0.49895833333333334 0.85 0.9375 0.29814814814814816
