24 0.5697916666666667 0.9375 0.021875 0.03611111111111111
22 0.6638020833333333 0.9194444444444444 0.021354166666666667 0.037037037037037035
21 0.6536458333333334 0.9365740740740741 0.021875 0.03611111111111111
3 0.64296875 0.9194444444444444 0.021354166666666667 0.037037037037037035
1 0.6322916666666667 0.937037037037037 0.021875 0.037037037037037035
21 0.6221354166666667 0.9185185185185185 0.021354166666666667 0.037037037037037035
18 0.6111979166666667 0.9375 0.021354166666666667 0.03611111111111111
24 0.6013020833333333 0.9185185185185185 0.021354166666666667 0.037037037037037035
3 0.590625 0.9375 0.021875 0.03611111111111111
6 0.58046875 0.9185185185185185 0.021354166666666667 0.037037037037037035
27 0.5005208333333333 0.8300925925925926 0.90625 0.33796296296296297
