0 0.88515625 0.44583333333333336 0.005729166666666666 0.14722222222222223
1 0.3763020833333333 0.5967592592592592 0.022395833333333334 0.03796296296296296
26 0.2794270833333333 0.5787037037037037 0.022395833333333334 0.037037037037037035
0 0.89609375 0.4013888888888889 0.0067708333333333336 0.05648148148148148
25 0.290625 0.5972222222222222 0.021875 0.03888888888888889
13 0.30130208333333336 0.5791666666666667 0.022395833333333334 0.03796296296296296
14 0.31197916666666664 0.5976851851851852 0.021875 0.03796296296296296
18 0.32317708333333334 0.5787037037037037 0.022395833333333334 0.03888888888888889
5 0.3333333333333333 0.5967592592592592 0.021875 0.03796296296296296
25 0.34479166666666666 0.5791666666666667 0.021875 0.03796296296296296
8 0.35494791666666664 0.5972222222222222 0.022395833333333334 0.03888888888888889
18 0.36614583333333334 0.5791666666666667 0.021875 0.03796296296296296
27 0.49895833333333334 0.49074074074074076 0.9375 0.3537037037037037
