0 0.9174479166666667 0.2601851851851852 0.005729166666666666 0.14814814814814814
12 0.7653645833333333 0.22916666666666666 0.022395833333333334 0.03796296296296296
19 0.6677083333333333 0.20972222222222223 0.021875 0.03796296296296296
0 0.8567708333333334 0.21296296296296297 0.00625 0.05555555555555555
3 0.67890625 0.22824074074074074 0.022395833333333334 0.03796296296296296
2 0.6890625 0.20925925925925926 0.021875 0.03888888888888889
1 0.70078125 0.22916666666666666 0.022395833333333334 0.03796296296296296
20 0.7104166666666667 0.20879629629629629 0.021875 0.03796296296296296
25 0.7221354166666667 0.22870370370370371 0.022395833333333334 0.03888888888888889
6 0.73203125 0.20879629629629629 0.022395833333333334 0.03796296296296296
25 0.74375 0.22916666666666666 0.021875 0.03796296296296296
20 0.7536458333333333 0.20925925925925926 0.021875 0.03888888888888889
27 0.49895833333333334 0.30694444444444446 0.9375 0.35648148148148145
