0 0.6731770833333334 0.1337962962962963 0.019270833333333334 0.2675925925925926
10 0.28958333333333336 0.40694444444444444 0.06354166666666666 0.10462962962962963
0 0.6966145833333334 0.0032407407407407406 0.0234375 0.006481481481481481
8 0.32473958333333336 0.35185185185185186 0.0640625 0.10740740740740741
7 0.353125 0.40694444444444444 0.065625 0.10462962962962963
6 0.3880208333333333 0.35185185185185186 0.06354166666666666 0.10740740740740741
3 0.41744791666666664 0.40694444444444444 0.06510416666666667 0.10462962962962963
14 0.45078125 0.35138888888888886 0.06302083333333333 0.10648148148148148
16 0.48125 0.4064814814814815 0.06354166666666666 0.1037037037037037
25 0.5119791666666667 0.3523148148148148 0.06041666666666667 0.10648148148148148
14 0.5419270833333333 0.40555555555555556 0.059895833333333336 0.10555555555555556
27 0.49973958333333335 0.36898148148148147 0.5692708333333333 0.7379629629629629
