5 0.12526041666666668 0.23055555555555557 0.021354166666666667 0.037037037037037035
2 0.21953125 0.21296296296296297 0.021354166666666667 0.037037037037037035
3 0.209375 0.2300925925925926 0.021875 0.03611111111111111
7 0.19869791666666667 0.21296296296296297 0.021354166666666667 0.037037037037037035
25 0.18854166666666666 0.2300925925925926 0.021875 0.03611111111111111
1 0.178125 0.21203703703703702 0.020833333333333332 0.037037037037037035
9 0.1671875 0.2310185185185185 0.021875 0.03611111111111111
2 0.15755208333333334 0.21203703703703702 0.021354166666666667 0.037037037037037035
22 0.14609375 0.23055555555555557 0.021354166666666667 0.037037037037037035
25 0.13671875 0.21203703703703702 0.021354166666666667 0.037037037037037035
27 0.5005208333333333 0.1685185185185185 0.90625 0.337037037037037
