0 0.88515625 0.6171296296296296 0.005729166666666666 0.14722222222222223
7 0.5796875 0.749537037037037 0.021875 0.03796296296296296
0 0.8770833333333333 0.5685185185185185 0.00625 0.05555555555555555
6 0.5903645833333333 0.7319444444444444 0.022395833333333334 0.03796296296296296
11 0.6015625 0.749537037037037 0.021875 0.03796296296296296
5 0.61171875 0.7319444444444444 0.022395833333333334 0.03796296296296296
4 0.6231770833333333 0.749537037037037 0.022395833333333334 0.03796296296296296
9 0.6333333333333333 0.7319444444444444 0.021875 0.03796296296296296
8 0.64453125 0.749537037037037 0.022395833333333334 0.03796296296296296
11 0.6546875 0.7319444444444444 0.021875 0.03796296296296296
27 0.49895833333333334 0.6620370370370371 0.9375 0.3537037037037037
