0 0.9174479166666667 0.33194444444444443 0.005729166666666666 0.14907407407407408
10 0.12786458333333334 0.3958333333333333 0.021354166666666667 0.03796296296296296
0 0.92578125 0.3148148148148148 0.005729166666666666 0.05555555555555555
25 0.13880208333333333 0.41435185185185186 0.0234375 0.03796296296296296
13 0.14895833333333333 0.3958333333333333 0.021875 0.03796296296296296
18 0.16067708333333333 0.41435185185185186 0.022395833333333334 0.03796296296296296
6 0.1703125 0.3958333333333333 0.021875 0.03796296296296296
1 0.18229166666666666 0.41435185185185186 0.021875 0.03796296296296296
2 0.19192708333333333 0.3958333333333333 0.022395833333333334 0.03796296296296296
20 0.20390625 0.41435185185185186 0.022395833333333334 0.03796296296296296
8 0.21328125 0.3958333333333333 0.022395833333333334 0.03796296296296296
27 0.49895833333333334 0.3800925925925926 0.9375 0.3527777777777778
