0 0.9375 0.5694444444444444 0.00625 0.14814814814814814
6 0.8505208333333333 0.5273148148148148 0.021875 0.03796296296296296
0 0.8958333333333334 0.5222222222222223 0.00625 0.05555555555555555
21 0.8604166666666667 0.5087962962962963 0.022916666666666665 0.03796296296296296
1 0.8716145833333333 0.5273148148148148 0.021354166666666667 0.03796296296296296
22 0.8825520833333333 0.5087962962962963 0.022395833333333334 0.03796296296296296
10 0.8924479166666667 0.5273148148148148 0.021354166666666667 0.03796296296296296
18 0.9044270833333333 0.5087962962962963 0.022395833333333334 0.03796296296296296
9 0.9135416666666667 0.5273148148148148 0.021875 0.03796296296296296
27 0.49895833333333334 0.6148148148148148 0.9375 0.3537037037037037
