0 0.8565104166666667 0.7546296296296297 0.005729166666666666 0.14814814814814814
1 0.8213541666666667 0.7106481481481481 0.022916666666666665 0.03796296296296296
0 0.8856770833333333 0.7064814814814815 0.0067708333333333336 0.05555555555555555
7 0.83125 0.7296296296296296 0.021875 0.03888888888888889
7 0.84296875 0.7106481481481481 0.022395833333333334 0.03796296296296296
20 0.8526041666666667 0.7300925925925926 0.021875 0.03796296296296296
20 0.86484375 0.7106481481481481 0.022395833333333334 0.03796296296296296
26 0.87421875 0.7300925925925926 0.022395833333333334 0.03796296296296296
16 0.8864583333333333 0.7106481481481481 0.021875 0.03796296296296296
11 0.8953125 0.7300925925925926 0.021875 0.03796296296296296
7 0.9078125 0.7106481481481481 0.021875 0.03796296296296296
27 0.49895833333333334 0.787962962962963 0.9375 0.37777777777777777
