0 0.9375 0.2388888888888889 0.00625 0.14814814814814814
26 0.7145833333333333 0.2828703703703704 0.021875 0.03796296296296296
0 0.89609375 0.19490740740740742 0.005729166666666666 0.05648148148148148
12 0.7263020833333333 0.2652777777777778 0.022395833333333334 0.03796296296296296
23 0.7359375 0.2824074074074074 0.021875 0.03888888888888889
14 0.7479166666666667 0.2652777777777778 0.021875 0.03796296296296296
8 0.7575520833333333 0.2828703703703704 0.022395833333333334 0.03796296296296296
1 0.7692708333333333 0.26481481481481484 0.021875 0.03888888888888889
9 0.7796875 0.2828703703703704 0.022916666666666665 0.03796296296296296
26 0.7901041666666667 0.26435185185185184 0.021875 0.03796296296296296
27 0.49895833333333334 0.287962962962963 0.9375 0.3611111111111111
