0 0.3848958333333333 0.5087962962962963 0.019791666666666666 0.41944444444444445
18 0.6575520833333334 0.5171296296296296 0.058854166666666666 0.10648148148148148
23 0.38125 0.4638888888888889 0.06354166666666666 0.10740740740740741
0 0.5557291666666667 0.3787037037037037 0.020833333333333332 0.1574074074074074
2 0.41067708333333336 0.5162037037037037 0.06510416666666667 0.10462962962962963
26 0.44427083333333334 0.4638888888888889 0.06354166666666666 0.10740740740740741
20 0.475 0.5162037037037037 0.065625 0.10462962962962963
13 0.50703125 0.46435185185185185 0.06302083333333333 0.10648148148148148
23 0.5385416666666667 0.5162037037037037 0.0625 0.10462962962962963
16 0.5682291666666667 0.46435185185185185 0.06041666666666667 0.10648148148148148
11 0.5989583333333334 0.5166666666666667 0.059375 0.10555555555555556
9 0.6286458333333333 0.4648148148148148 0.06145833333333333 0.10555555555555556
27 0.49973958333333335 0.5907407407407408 0.5692708333333333 0.8166666666666667
