0 0.69453125 0.22037037037037038 0.018229166666666668 0.40925925925925927
25 0.66875 0.1712962962962963 0.06354166666666666 0.10740740740740741
16 0.39453125 0.11851851851851852 0.06302083333333333 0.10740740740740741
0 0.6736979166666667 0.09259259259259259 0.0203125 0.1574074074074074
26 0.4236979166666667 0.17824074074074073 0.0640625 0.10462962962962963
26 0.45546875 0.11990740740740741 0.059895833333333336 0.10648148148148148
9 0.48489583333333336 0.175 0.06041666666666667 0.10555555555555556
16 0.5145833333333333 0.12361111111111112 0.06041666666666667 0.10648148148148148
17 0.54453125 0.1726851851851852 0.059895833333333336 0.10648148148148148
4 0.5765625 0.12685185185185185 0.06458333333333334 0.10555555555555556
4 0.6059895833333333 0.1712962962962963 0.0640625 0.10740740740740741
15 0.6403645833333333 0.12731481481481483 0.06510416666666667 0.10462962962962963
27 0.49973958333333335 0.45416666666666666 0.5692708333333333 0.9083333333333333
