0 0.44036458333333334 0.763425925925926 0.0203125 0.41944444444444445
21 0.29921875 0.6699074074074074 0.06614583333333333 0.10462962962962963
0 0.38671875 0.6453703703703704 0.0203125 0.1537037037037037
20 0.3359375 0.7268518518518519 0.06458333333333334 0.10740740740740741
24 0.36432291666666666 0.6699074074074074 0.06614583333333333 0.10277777777777777
25 0.39739583333333334 0.725462962962963 0.06041666666666667 0.10833333333333334
22 0.42734375 0.6708333333333333 0.0609375 0.10462962962962963
10 0.45677083333333335 0.7240740740740741 0.059375 0.10925925925925926
19 0.48671875 0.6722222222222223 0.059895833333333336 0.10740740740740741
27 0.49973958333333335 0.7245370370370371 0.5692708333333333 0.549074074074074
