0 0.9372395833333333 0.7361111111111112 0.0067708333333333336 0.14814814814814814
10 0.19296875 0.7569444444444444 0.022395833333333334 0.03796296296296296
0 0.89609375 0.6921296296296297 0.0067708333333333336 0.05648148148148148
8 0.20520833333333333 0.7393518518518518 0.021875 0.03796296296296296
22 0.21484375 0.7569444444444444 0.022395833333333334 0.03796296296296296
2 0.22682291666666668 0.7388888888888889 0.022395833333333334 0.03888888888888889
1 0.23645833333333333 0.7569444444444444 0.021875 0.03796296296296296
4 0.24817708333333333 0.7393518518518518 0.022395833333333334 0.03796296296296296
9 0.25807291666666665 0.7569444444444444 0.022395833333333334 0.03796296296296296
25 0.26979166666666665 0.7393518518518518 0.021875 0.03796296296296296
27 0.49895833333333334 0.7736111111111111 0.9375 0.375
