0 0.8958333333333334 0.18518518518518517 0.00625 0.14814814814814814
19 0.67265625 0.2152777777777778 0.022395833333333334 0.03796296296296296
0 0.8770833333333333 0.14027777777777778 0.00625 0.05648148148148148
7 0.6841145833333333 0.19814814814814816 0.022395833333333334 0.03888888888888889
5 0.6942708333333333 0.2152777777777778 0.021875 0.03796296296296296
20 0.7057291666666666 0.19768518518518519 0.021875 0.03796296296296296
9 0.715625 0.2152777777777778 0.021875 0.03796296296296296
10 0.72734375 0.19768518518518519 0.022395833333333334 0.03796296296296296
5 0.7372395833333333 0.2152777777777778 0.022395833333333334 0.03796296296296296
27 0.49895833333333334 0.24212962962962964 0.9375 0.3712962962962963
