0 0.8768229166666667 0.5462962962962963 0.005729166666666666 0.14814814814814814
13 0.4088541666666667 0.4962962962962963 0.021875 0.03888888888888889
14 0.31171875 0.4777777777777778 0.021354166666666667 0.03888888888888889
0 0.9377604166666667 0.5013888888888889 0.005729166666666666 0.05648148148148148
15 0.32265625 0.4962962962962963 0.022395833333333334 0.03888888888888889
5 0.33307291666666666 0.4777777777777778 0.022395833333333334 0.03888888888888889
24 0.34453125 0.4962962962962963 0.022395833333333334 0.03888888888888889
7 0.3546875 0.4777777777777778 0.021875 0.037037037037037035
4 0.36614583333333334 0.4962962962962963 0.021875 0.03888888888888889
18 0.3763020833333333 0.4777777777777778 0.022395833333333334 0.03888888888888889
2 0.3875 0.4962962962962963 0.021875 0.03888888888888889
24 0.39765625 0.47824074074074074 0.022395833333333334 0.03796296296296296
27 0.49895833333333334 0.5962962962962963 0.9375 0.3537037037037037
