0 0.4393229166666667 0.41064814814814815 0.0203125 0.41944444444444445
1 0.6481770833333333 0.5745370370370371 0.06510416666666667 0.10462962962962963
9 0.3671875 0.5231481481481481 0.06354166666666666 0.10555555555555556
0 0.47291666666666665 0.2722222222222222 0.019791666666666666 0.1537037037037037
17 0.39895833333333336 0.575462962962963 0.059375 0.10648148148148148
16 0.4283854166666667 0.5231481481481481 0.0609375 0.10555555555555556
9 0.45807291666666666 0.575 0.059895833333333336 0.10555555555555556
15 0.48880208333333336 0.5236111111111111 0.0609375 0.10648148148148148
7 0.5197916666666667 0.5745370370370371 0.06458333333333334 0.10462962962962963
20 0.5505208333333333 0.5236111111111111 0.06354166666666666 0.10648148148148148
9 0.5838541666666667 0.5740740740740741 0.06458333333333334 0.1037037037037037
19 0.6135416666666667 0.5236111111111111 0.06354166666666666 0.10648148148148148
27 0.49973958333333335 0.5337962962962963 0.5692708333333333 0.9305555555555556
