15 0.39348958333333334 0.6486111111111111 0.021354166666666667 0.03611111111111111
15 0.38307291666666665 0.6662037037037037 0.021354166666666667 0.03611111111111111
8 0.37265625 0.6486111111111111 0.021354166666666667 0.03611111111111111
7 0.3619791666666667 0.6657407407407407 0.021875 0.037037037037037035
7 0.35182291666666665 0.6486111111111111 0.021354166666666667 0.03611111111111111
6 0.34088541666666666 0.6657407407407407 0.021354166666666667 0.037037037037037035
5 0.33098958333333334 0.6481481481481481 0.021354166666666667 0.037037037037037035
13 0.32005208333333335 0.6657407407407407 0.021354166666666667 0.037037037037037035
19 0.31015625 0.6486111111111111 0.021354166666666667 0.03611111111111111
27 0.5005208333333333 0.6986111111111111 0.90625 0.3453703703703704
