0 0.8770833333333333 0.8337962962962963 0.005208333333333333 0.14907407407407408
4 0.34869791666666666 0.8041666666666667 0.022395833333333334 0.03796296296296296
0 0.9046875 0.7837962962962963 0.005208333333333333 0.05648148148148148
19 0.35885416666666664 0.7837962962962963 0.021875 0.03796296296296296
7 0.3703125 0.8037037037037037 0.021875 0.03888888888888889
13 0.38046875 0.7837962962962963 0.022395833333333334 0.03796296296296296
10 0.39166666666666666 0.8041666666666667 0.021875 0.03796296296296296
24 0.40234375 0.7842592592592592 0.022395833333333334 0.03888888888888889
17 0.41302083333333334 0.8032407407407407 0.021875 0.03796296296296296
11 0.4239583333333333 0.7847222222222222 0.021875 0.03796296296296296
27 0.49895833333333334 0.8314814814814815 0.9375 0.3351851851851852
