0 0.6408854166666667 0.5990740740740741 0.021354166666666667 0.40925925925925927
11 0.434375 0.9037037037037037 0.0625 0.10740740740740741
0 0.6736979166666667 0.46296296296296297 0.0203125 0.1574074074074074
9 0.46458333333333335 0.8430555555555556 0.065625 0.10462962962962963
21 0.496875 0.9037037037037037 0.06354166666666666 0.10740740740740741
25 0.52890625 0.8430555555555556 0.06510416666666667 0.10462962962962963
26 0.5598958333333334 0.9037037037037037 0.06354166666666666 0.10740740740740741
7 0.5934895833333333 0.8430555555555556 0.06510416666666667 0.10462962962962963
5 0.6221354166666667 0.9032407407407408 0.06197916666666667 0.10648148148148148
11 0.6552083333333333 0.8444444444444444 0.059375 0.10555555555555556
27 0.49973958333333335 0.6328703703703704 0.5692708333333333 0.7324074074074074
