0 0.384375 0.5402777777777777 0.022916666666666665 0.41574074074074074
17 0.496875 0.4078703703703704 0.06354166666666666 0.10648148148148148
0 0.41744791666666664 0.40925925925925927 0.019270833333333334 0.1537037037037037
18 0.5291666666666667 0.4615740740740741 0.065625 0.10462962962962963
9 0.56015625 0.4078703703703704 0.0640625 0.10648148148148148
8 0.5934895833333333 0.4615740740740741 0.06510416666666667 0.10462962962962963
15 0.6223958333333334 0.4078703703703704 0.0625 0.10648148148148148
18 0.6549479166666666 0.4615740740740741 0.059895833333333336 0.10462962962962963
14 0.68359375 0.40925925925925927 0.06197916666666667 0.10555555555555556
27 0.49973958333333335 0.6069444444444444 0.5692708333333333 0.7842592592592592
