0 0.58203125 0.6333333333333333 0.0203125 0.40925925925925927
12 0.34375 0.7615740740740741 0.059375 0.10648148148148148
0 0.44114583333333335 0.5101851851851852 0.021875 0.15555555555555556
18 0.3765625 0.7101851851851851 0.06145833333333333 0.1111111111111111
1 0.4049479166666667 0.7592592592592593 0.0640625 0.10555555555555556
26 0.43854166666666666 0.7111111111111111 0.06354166666666666 0.1111111111111111
14 0.46901041666666665 0.7592592592592593 0.06510416666666667 0.10555555555555556
19 0.5010416666666667 0.7125 0.06354166666666666 0.10833333333333334
2 0.53359375 0.7597222222222222 0.06510416666666667 0.10462962962962963
5 0.5638020833333334 0.7129629629629629 0.06302083333333333 0.10740740740740741
27 0.49973958333333335 0.6546296296296297 0.5692708333333333 0.6888888888888889
