18 0.28619791666666666 0.5412037037037037 0.021354166666666667 0.03611111111111111
1 0.27630208333333334 0.5592592592592592 0.021354166666666667 0.037037037037037035
7 0.26536458333333335 0.5412037037037037 0.021354166666666667 0.03611111111111111
23 0.25546875 0.5592592592592592 0.021354166666666667 0.037037037037037035
12 0.24427083333333333 0.5412037037037037 0.021875 0.03611111111111111
12 0.23463541666666668 0.5592592592592592 0.021354166666666667 0.037037037037037035
2 0.2234375 0.5416666666666666 0.021875 0.037037037037037035
26 0.21380208333333334 0.5592592592592592 0.021354166666666667 0.037037037037037035
7 0.20234375 0.5412037037037037 0.021354166666666667 0.03611111111111111
27 0.5052083333333334 0.5115740740740741 0.896875 0.3768518518518518
