7 0.290625 0.5120370370370371 0.021875 0.037037037037037035
8 0.384375 0.49444444444444446 0.021875 0.037037037037037035
18 0.37421875 0.5120370370370371 0.021354166666666667 0.037037037037037035
18 0.36328125 0.49398148148148147 0.021354166666666667 0.03611111111111111
23 0.353125 0.5120370370370371 0.021875 0.037037037037037035
18 0.3424479166666667 0.49444444444444446 0.021354166666666667 0.037037037037037035
3 0.33255208333333336 0.5120370370370371 0.021354166666666667 0.037037037037037035
21 0.32135416666666666 0.49444444444444446 0.021875 0.037037037037037035
23 0.31145833333333334 0.5120370370370371 0.021875 0.037037037037037035
6 0.30026041666666664 0.49398148148148147 0.021354166666666667 0.03611111111111111
27 0.5005208333333333 0.5800925925925926 0.90625 0.3416666666666667
