0 0.92578125 0.14027777777777778 0.005729166666666666 0.14722222222222223
5 0.07109375 0.12361111111111112 0.022395833333333334 0.03796296296296296
0 0.9377604166666667 0.06712962962962964 0.0067708333333333336 0.05648148148148148
15 0.08359375 0.10324074074074074 0.022395833333333334 0.03796296296296296
6 0.09244791666666667 0.12361111111111112 0.022395833333333334 0.03796296296296296
9 0.10494791666666667 0.10324074074074074 0.022395833333333334 0.03796296296296296
11 0.1140625 0.12361111111111112 0.021875 0.03796296296296296
5 0.1265625 0.10324074074074074 0.021875 0.03796296296296296
19 0.1359375 0.12361111111111112 0.021875 0.03796296296296296
2 0.14765625 0.10324074074074074 0.021354166666666667 0.03796296296296296
27 0.49895833333333334 0.18287037037037038 0.9375 0.36574074074074076
