0 0.5002604166666667 0.24814814814814815 0.018229166666666668 0.4185185185185185
2 0.3104166666666667 0.3125 0.06354166666666666 0.10462962962962963
0 0.61484375 0.11296296296296296 0.021354166666666667 0.1574074074074074
17 0.3424479166666667 0.25787037037037036 0.058854166666666666 0.10648148148148148
3 0.37213541666666666 0.3111111111111111 0.0609375 0.10555555555555556
25 0.40130208333333334 0.2601851851851852 0.059895833333333336 0.10555555555555556
26 0.43307291666666664 0.30972222222222223 0.06197916666666667 0.10648148148148148
1 0.46328125 0.262037037037037 0.06510416666666667 0.10555555555555556
22 0.4953125 0.30925925925925923 0.06354166666666666 0.10740740740740741
8 0.52734375 0.2625 0.06510416666666667 0.10462962962962963
27 0.49973958333333335 0.4666666666666667 0.5692708333333333 0.9333333333333333
