23 0.30078125 0.6398148148148148 0.021354166666666667 0.037037037037037035
18 0.39505208333333336 0.6222222222222222 0.021354166666666667 0.037037037037037035
4 0.384375 0.6393518518518518 0.021875 0.03611111111111111
22 0.37421875 0.6222222222222222 0.021354166666666667 0.037037037037037035
14 0.36328125 0.6398148148148148 0.021354166666666667 0.037037037037037035
16 0.3533854166666667 0.6222222222222222 0.021354166666666667 0.037037037037037035
15 0.3424479166666667 0.6393518518518518 0.021354166666666667 0.03611111111111111
16 0.33255208333333336 0.6222222222222222 0.021354166666666667 0.037037037037037035
11 0.3216145833333333 0.6393518518518518 0.021354166666666667 0.03611111111111111
23 0.31171875 0.6222222222222222 0.021354166666666667 0.037037037037037035
27 0.5005208333333333 0.6768518518518518 0.90625 0.3425925925925926
