21 0.13958333333333334 0.40185185185185185 0.020833333333333332 0.037037037037037035
21 0.234375 0.38425925925925924 0.021875 0.037037037037037035
26 0.22317708333333333 0.4023148148148148 0.021354166666666667 0.03611111111111111
20 0.21328125 0.38425925925925924 0.021354166666666667 0.037037037037037035
1 0.20234375 0.4023148148148148 0.021354166666666667 0.03611111111111111
23 0.19244791666666666 0.38425925925925924 0.021354166666666667 0.037037037037037035
5 0.18125 0.4023148148148148 0.021875 0.03611111111111111
13 0.171875 0.38425925925925924 0.021875 0.037037037037037035
3 0.16041666666666668 0.40185185185185185 0.021875 0.037037037037037035
18 0.15052083333333333 0.38425925925925924 0.021875 0.037037037037037035
27 0.5005208333333333 0.38101851851851853 0.90625 0.3416666666666667
