0 0.8768229166666667 0.9185185185185185 0.005729166666666666 0.14814814814814814
11 0.21927083333333333 0.9842592592592593 0.022916666666666665 0.02962962962962963
12 0.12317708333333334 0.9708333333333333 0.022395833333333334 0.03796296296296296
0 0.8567708333333334 0.8736111111111111 0.00625 0.05648148148148148
5 0.13229166666666667 0.9837962962962963 0.021875 0.030555555555555555
8 0.14479166666666668 0.9708333333333333 0.021875 0.03796296296296296
8 0.15390625 0.9837962962962963 0.022395833333333334 0.030555555555555555
11 0.16614583333333333 0.9708333333333333 0.021875 0.03796296296296296
19 0.17552083333333332 0.9837962962962963 0.021875 0.030555555555555555
11 0.18776041666666668 0.9712962962962963 0.022395833333333334 0.03888888888888889
7 0.19713541666666667 0.9837962962962963 0.022395833333333334 0.030555555555555555
21 0.20885416666666667 0.9708333333333333 0.021875 0.03796296296296296
27 0.49895833333333334 0.8657407407407407 0.9375 0.26666666666666666
