0 0.9174479166666667 0.5824074074074074 0.005729166666666666 0.14814814814814814
8 0.07291666666666667 0.6106481481481482 0.021875 0.03796296296296296
0 0.89609375 0.5398148148148149 0.0067708333333333336 0.05555555555555555
8 0.08541666666666667 0.6291666666666667 0.021875 0.03796296296296296
25 0.09453125 0.6106481481481482 0.022395833333333334 0.03796296296296296
2 0.10677083333333333 0.6291666666666667 0.021875 0.03796296296296296
5 0.11640625 0.6106481481481482 0.022395833333333334 0.03796296296296296
5 0.12786458333333334 0.6291666666666667 0.021354166666666667 0.03796296296296296
16 0.13854166666666667 0.6106481481481482 0.022916666666666665 0.03796296296296296
27 0.49895833333333334 0.6300925925925925 0.9375 0.3527777777777778
