17 0.6653645833333334 0.18472222222222223 0.021354166666666667 0.03611111111111111
26 0.65546875 0.20324074074074075 0.021354166666666667 0.03611111111111111
20 0.6447916666666667 0.18472222222222223 0.021875 0.03611111111111111
26 0.6346354166666667 0.2037037037037037 0.021354166666666667 0.037037037037037035
7 0.6239583333333333 0.18472222222222223 0.020833333333333332 0.03611111111111111
20 0.6135416666666667 0.20277777777777778 0.021875 0.037037037037037035
2 0.6033854166666667 0.18518518518518517 0.021354166666666667 0.037037037037037035
16 0.5927083333333333 0.20277777777777778 0.021875 0.037037037037037035
13 0.5825520833333333 0.18564814814814815 0.021354166666666667 0.03611111111111111
27 0.5005208333333333 0.26805555555555555 0.90625 0.3490740740740741
