0 0.8854166666666666 0.7592592592592593 0.005208333333333333 0.14814814814814814
14 0.21614583333333334 0.7518518518518519 0.021875 0.03888888888888889
0 0.9049479166666666 0.7143518518518519 0.005729166666666666 0.05648148148148148
26 0.228125 0.7717592592592593 0.021875 0.03796296296296296
12 0.23776041666666667 0.7523148148148148 0.022395833333333334 0.03796296296296296
7 0.24947916666666667 0.7717592592592593 0.021875 0.03796296296296296
16 0.259375 0.7523148148148148 0.022916666666666665 0.03796296296296296
18 0.27057291666666666 0.7708333333333334 0.021354166666666667 0.03796296296296296
16 0.28151041666666665 0.7532407407407408 0.022395833333333334 0.03796296296296296
11 0.2916666666666667 0.7708333333333334 0.021875 0.03796296296296296
23 0.303125 0.7532407407407408 0.021875 0.03796296296296296
27 0.49895833333333334 0.7962962962962963 0.9375 0.37962962962962965
