0 0.88515625 0.6754629629629629 0.005729166666666666 0.14722222222222223
17 0.6036458333333333 0.7606481481481482 0.021875 0.03796296296296296
0 0.9049479166666666 0.6291666666666667 0.005729166666666666 0.05648148148148148
1 0.6135416666666667 0.7425925925925926 0.021875 0.03888888888888889
19 0.6247395833333333 0.7601851851851852 0.021354166666666667 0.03888888888888889
4 0.63515625 0.7421296296296296 0.022395833333333334 0.03796296296296296
25 0.64609375 0.7601851851851852 0.022395833333333334 0.03888888888888889
15 0.65703125 0.7425925925925926 0.022395833333333334 0.03888888888888889
14 0.6677083333333333 0.7606481481481482 0.021875 0.03796296296296296
19 0.67890625 0.7421296296296296 0.022395833333333334 0.03796296296296296
27 0.49895833333333334 0.7171296296296297 0.9375 0.36203703703703705
