6 0.7822916666666667 0.5236111111111111 0.021875 0.03611111111111111
23 0.7723958333333333 0.5416666666666666 0.021875 0.037037037037037035
19 0.76171875 0.5236111111111111 0.021354166666666667 0.03611111111111111
23 0.7513020833333334 0.5416666666666666 0.021354166666666667 0.037037037037037035
22 0.7411458333333333 0.5236111111111111 0.020833333333333332 0.03611111111111111
6 0.7302083333333333 0.5416666666666666 0.021875 0.037037037037037035
12 0.7203125 0.5236111111111111 0.021875 0.03611111111111111
1 0.709375 0.5416666666666666 0.021875 0.037037037037037035
24 0.6994791666666667 0.5236111111111111 0.021875 0.03611111111111111
27 0.5005208333333333 0.5837962962962963 0.90625 0.3416666666666667
