0 0.88515625 0.6356481481481482 0.005729166666666666 0.14722222222222223
24 0.26510416666666664 0.7800925925925926 0.021875 0.03796296296296296
0 0.89609375 0.5907407407407408 0.0067708333333333336 0.05555555555555555
7 0.2747395833333333 0.7606481481481482 0.022395833333333334 0.03796296296296296
8 0.2864583333333333 0.7800925925925926 0.021875 0.03796296296296296
7 0.29635416666666664 0.7606481481481482 0.021875 0.03796296296296296
10 0.3078125 0.7800925925925926 0.021875 0.03796296296296296
26 0.31796875 0.7606481481481482 0.022395833333333334 0.03796296296296296
25 0.3296875 0.7800925925925926 0.021875 0.03796296296296296
24 0.33958333333333335 0.7606481481481482 0.021875 0.03796296296296296
27 0.49895833333333334 0.6847222222222222 0.9375 0.35462962962962963
