0 0.9169270833333333 0.7685185185185185 0.0067708333333333336 0.14814814814814814
11 0.77421875 0.7847222222222222 0.022395833333333334 0.03796296296296296
0 0.89609375 0.7240740740740741 0.0067708333333333336 0.05555555555555555
17 0.7861979166666667 0.7652777777777777 0.022395833333333334 0.03796296296296296
20 0.7958333333333333 0.7847222222222222 0.021875 0.03796296296296296
18 0.8078125 0.7648148148148148 0.021875 0.037037037037037035
22 0.8174479166666667 0.7847222222222222 0.022395833333333334 0.03796296296296296
12 0.8294270833333334 0.7643518518518518 0.022395833333333334 0.03796296296296296
11 0.8388020833333333 0.7847222222222222 0.022395833333333334 0.03796296296296296
27 0.49895833333333334 0.8037037037037037 0.9375 0.3814814814814815
