0 0.8768229166666667 0.45092592592592595 0.005729166666666666 0.14814814814814814
22 0.6677083333333333 0.6013888888888889 0.021875 0.03796296296296296
0 0.9049479166666666 0.40879629629629627 0.005729166666666666 0.05648148148148148
14 0.6783854166666666 0.5824074074074074 0.022395833333333334 0.037037037037037035
18 0.6890625 0.6013888888888889 0.021875 0.03796296296296296
19 0.7002604166666667 0.5819444444444445 0.022395833333333334 0.03796296296296296
3 0.7104166666666667 0.6013888888888889 0.021875 0.03796296296296296
9 0.721875 0.5828703703703704 0.021875 0.03796296296296296
15 0.7317708333333334 0.6018518518518519 0.021875 0.03888888888888889
13 0.7434895833333334 0.5828703703703704 0.022395833333333334 0.03796296296296296
27 0.49895833333333334 0.49907407407407406 0.9375 0.3537037037037037
