0 0.8658854166666666 0.27870370370370373 0.005729166666666666 0.14814814814814814
5 0.12473958333333333 0.30972222222222223 0.022395833333333334 0.03796296296296296
0 0.8770833333333333 0.22824074074074074 0.00625 0.05648148148148148
11 0.13411458333333334 0.29212962962962963 0.022395833333333334 0.03796296296296296
22 0.14635416666666667 0.30972222222222223 0.021875 0.03796296296296296
15 0.15546875 0.29212962962962963 0.022395833333333334 0.03796296296296296
16 0.16770833333333332 0.30972222222222223 0.021875 0.03796296296296296
14 0.17734375 0.29212962962962963 0.022395833333333334 0.03796296296296296
6 0.18880208333333334 0.3101851851851852 0.021354166666666667 0.03888888888888889
26 0.19921875 0.29212962962962963 0.022395833333333334 0.03796296296296296
27 0.49895833333333334 0.32222222222222224 0.9375 0.3537037037037037
