0 0.89609375 0.7314814814814815 0.005729166666666666 0.14814814814814814
6 0.7471354166666667 0.8513888888888889 0.022395833333333334 0.03796296296296296
0 0.9375 0.6814814814814815 0.00625 0.05555555555555555
12 0.75703125 0.8717592592592592 0.022395833333333334 0.03796296296296296
8 0.76875 0.8513888888888889 0.021875 0.03796296296296296
16 0.77890625 0.8717592592592592 0.022395833333333334 0.03796296296296296
5 0.78984375 0.8523148148148149 0.021354166666666667 0.03796296296296296
14 0.8010416666666667 0.8708333333333333 0.022916666666666665 0.03796296296296296
10 0.8109375 0.8532407407407407 0.021875 0.03796296296296296
10 0.8229166666666666 0.8699074074074075 0.021875 0.03796296296296296
9 0.8322916666666667 0.8532407407407407 0.021875 0.03796296296296296
27 0.49895833333333334 0.7671296296296296 0.9375 0.3731481481481482
