0 0.3263020833333333 0.7782407407407408 0.0203125 0.41944444444444445
21 0.36953125 0.7078703703703704 0.06197916666666667 0.10462962962962963
0 0.5557291666666667 0.6527777777777778 0.019791666666666666 0.1574074074074074
23 0.4 0.6564814814814814 0.059375 0.10555555555555556
1 0.43020833333333336 0.7092592592592593 0.06041666666666667 0.10555555555555556
23 0.46015625 0.6555555555555556 0.06197916666666667 0.10555555555555556
7 0.49140625 0.711574074074074 0.06302083333333333 0.10648148148148148
26 0.5231770833333333 0.6550925925925926 0.06510416666666667 0.10462962962962963
1 0.55390625 0.711574074074074 0.0640625 0.10648148148148148
11 0.5872395833333334 0.6550925925925926 0.06510416666666667 0.10462962962962963
27 0.49973958333333335 0.7300925925925926 0.5692708333333333 0.537962962962963
