0 0.4395833333333333 0.8777777777777778 0.019791666666666666 0.24259259259259258
19 0.3575520833333333 0.8393518518518519 0.06510416666666667 0.10462962962962963
0 0.328125 0.8453703703703703 0.021875 0.1574074074074074
1 0.3921875 0.7949074074074074 0.06354166666666666 0.10648148148148148
15 0.42213541666666665 0.8398148148148148 0.06510416666666667 0.10555555555555556
2 0.45390625 0.7944444444444444 0.0609375 0.10740740740740741
17 0.48411458333333335 0.8421296296296297 0.0609375 0.10462962962962963
17 0.5135416666666667 0.7916666666666666 0.06041666666666667 0.10555555555555556
1 0.5434895833333333 0.8449074074074074 0.059895833333333336 0.10648148148148148
18 0.5747395833333333 0.7888888888888889 0.06302083333333333 0.10555555555555556
27 0.49973958333333335 0.7601851851851852 0.5692708333333333 0.4777777777777778
