0 0.8768229166666667 0.7620370370370371 0.005729166666666666 0.14814814814814814
3 0.06692708333333333 0.8324074074074074 0.021354166666666667 0.03888888888888889
0 0.8567708333333334 0.7162037037037037 0.00625 0.05648148148148148
15 0.07760416666666667 0.8134259259259259 0.022916666666666665 0.03796296296296296
15 0.08776041666666666 0.8319444444444445 0.021354166666666667 0.03796296296296296
10 0.09973958333333334 0.8138888888888889 0.022395833333333334 0.03888888888888889
14 0.10911458333333333 0.8310185185185185 0.022395833333333334 0.03796296296296296
17 0.12135416666666667 0.8143518518518519 0.021875 0.03796296296296296
7 0.13072916666666667 0.8310185185185185 0.021875 0.03796296296296296
14 0.14296875 0.8143518518518519 0.022395833333333334 0.03796296296296296
14 0.15208333333333332 0.8314814814814815 0.021875 0.03888888888888889
27 0.49895833333333334 0.799537037037037 0.9375 0.38055555555555554
