0 0.6127604166666667 0.5689814814814815 0.021354166666666667 0.41574074074074074
13 0.4005208333333333 0.825462962962963 0.059375 0.09907407407407408
0 0.6953125 0.42824074074074076 0.019791666666666666 0.1527777777777778
21 0.43125 0.8782407407407408 0.059375 0.10462962962962963
2 0.4596354166666667 0.8222222222222222 0.0609375 0.09814814814814815
6 0.49114583333333334 0.8810185185185185 0.06145833333333333 0.10648148148148148
23 0.5216145833333333 0.8217592592592593 0.0640625 0.10092592592592593
3 0.5526041666666667 0.8814814814814815 0.06354166666666666 0.11296296296296296
20 0.5794270833333334 0.8222222222222222 0.05364583333333333 0.10555555555555556
21 0.6153645833333333 0.8851851851851852 0.06302083333333333 0.10740740740740741
20 0.6510416666666666 0.8222222222222222 0.058333333333333334 0.10555555555555556
27 0.49973958333333335 0.6157407407407407 0.5692708333333333 0.7666666666666667
