0 0.8958333333333334 0.6037037037037037 0.00625 0.14814814814814814
7 0.7640625 0.6754629629629629 0.021875 0.03796296296296296
0 0.9177083333333333 0.5564814814814815 0.00625 0.05555555555555555
12 0.7739583333333333 0.6578703703703703 0.021875 0.03796296296296296
19 0.7859375 0.6754629629629629 0.021875 0.03796296296296296
10 0.7953125 0.6578703703703703 0.021875 0.03796296296296296
24 0.8072916666666666 0.6754629629629629 0.021875 0.03796296296296296
24 0.8166666666666667 0.6578703703703703 0.021875 0.03796296296296296
19 0.82890625 0.6754629629629629 0.022395833333333334 0.03796296296296296
27 0.49895833333333334 0.6486111111111111 0.9375 0.3527777777777778
