0 0.92578125 0.25462962962962965 0.005729166666666666 0.14814814814814814
22 0.8807291666666667 0.3060185185185185 0.022916666666666665 0.03796296296296296
18 0.7848958333333333 0.2884259259259259 0.021875 0.03796296296296296
0 0.89609375 0.18287037037037038 0.0067708333333333336 0.05648148148148148
11 0.7942708333333334 0.3060185185185185 0.021875 0.03796296296296296
20 0.80625 0.2884259259259259 0.021875 0.03796296296296296
2 0.815625 0.3055555555555556 0.021875 0.03888888888888889
9 0.8278645833333333 0.2884259259259259 0.022395833333333334 0.03796296296296296
22 0.8372395833333334 0.3060185185185185 0.022395833333333334 0.03796296296296296
22 0.8494791666666667 0.2884259259259259 0.021875 0.03796296296296296
18 0.8588541666666667 0.3060185185185185 0.021875 0.03796296296296296
11 0.8708333333333333 0.287962962962963 0.021875 0.03888888888888889
27 0.49895833333333334 0.27824074074074073 0.9375 0.36203703703703705
