21 0.52734375 0.30925925925925923 0.021354166666666667 0.037037037037037035
20 0.6216145833333333 0.2916666666666667 0.021354166666666667 0.037037037037037035
19 0.6111979166666667 0.30925925925925923 0.021354166666666667 0.037037037037037035
3 0.60078125 0.2916666666666667 0.021354166666666667 0.037037037037037035
14 0.5901041666666667 0.30925925925925923 0.021875 0.037037037037037035
17 0.5799479166666667 0.2916666666666667 0.021354166666666667 0.037037037037037035
26 0.56953125 0.30925925925925923 0.021354166666666667 0.037037037037037035
23 0.5591145833333333 0.2916666666666667 0.021354166666666667 0.037037037037037035
23 0.5486979166666667 0.30925925925925923 0.021354166666666667 0.037037037037037035
21 0.53828125 0.2916666666666667 0.021354166666666667 0.037037037037037035
27 0.5005208333333333 0.23425925925925925 0.90625 0.3537037037037037
