10 0.8447916666666667 0.28055555555555556 0.020833333333333332 0.037037037037037035
9 0.83515625 0.2986111111111111 0.021354166666666667 0.03796296296296296
18 0.8236979166666667 0.2800925925925926 0.021354166666666667 0.03796296296296296
4 0.8143229166666667 0.29814814814814816 0.021354166666666667 0.037037037037037035
24 0.8028645833333333 0.2800925925925926 0.021354166666666667 0.03611111111111111
14 0.7934895833333333 0.2986111111111111 0.021354166666666667 0.03611111111111111
25 0.7822916666666667 0.2800925925925926 0.020833333333333332 0.03611111111111111
20 0.7723958333333333 0.29814814814814816 0.021875 0.037037037037037035
1 0.7614583333333333 0.28055555555555556 0.020833333333333332 0.037037037037037035
27 0.5005208333333333 0.3837962962962963 0.90625 0.3416666666666667
