0 0.8658854166666666 0.16342592592592592 0.005729166666666666 0.14722222222222223
25 0.8515625 0.10324074074074074 0.021875 0.03796296296296296
0 0.92578125 0.14537037037037037 0.005729166666666666 0.05555555555555555
9 0.8635416666666667 0.12314814814814815 0.021875 0.03888888888888889
17 0.8729166666666667 0.10277777777777777 0.021875 0.03888888888888889
1 0.88515625 0.12314814814814815 0.022395833333333334 0.03888888888888889
9 0.8942708333333333 0.10324074074074074 0.021875 0.03796296296296296
16 0.9065104166666667 0.12314814814814815 0.022395833333333334 0.037037037037037035
23 0.9140625 0.10324074074074074 0.01875 0.03796296296296296
18 0.9283854166666666 0.1259259259259259 0.022395833333333334 0.03333333333333333
27 0.49895833333333334 0.2162037037037037 0.9375 0.3768518518518518
