0 0.8768229166666667 0.28425925925925927 0.005729166666666666 0.14814814814814814
13 0.4546875 0.36157407407407405 0.021875 0.03796296296296296
1 0.3572916666666667 0.34305555555555556 0.021875 0.03796296296296296
0 0.9377604166666667 0.2388888888888889 0.0067708333333333336 0.05555555555555555
2 0.36875 0.3611111111111111 0.021875 0.03888888888888889
5 0.37890625 0.34305555555555556 0.022395833333333334 0.03796296296296296
25 0.39010416666666664 0.3611111111111111 0.021875 0.03888888888888889
18 0.4005208333333333 0.34305555555555556 0.021875 0.03796296296296296
14 0.41171875 0.36064814814814816 0.022395833333333334 0.03796296296296296
19 0.42213541666666665 0.34305555555555556 0.022395833333333334 0.03796296296296296
19 0.43307291666666664 0.3611111111111111 0.022395833333333334 0.03888888888888889
16 0.44375 0.34305555555555556 0.021875 0.03796296296296296
27 0.49895833333333334 0.3300925925925926 0.9375 0.3527777777777778
