0 0.9057291666666667 0.1425925925925926 0.007291666666666667 0.14814814814814814
21 0.06979166666666667 0.15833333333333333 0.021875 0.037037037037037035
0 0.9192708333333334 0.11203703703703703 0.008333333333333333 0.05925925925925926
24 0.08203125 0.13842592592592592 0.022395833333333334 0.03796296296296296
6 0.09140625 0.1587962962962963 0.022395833333333334 0.03796296296296296
13 0.10364583333333334 0.13842592592592592 0.021875 0.03796296296296296
2 0.11302083333333333 0.15833333333333333 0.021875 0.03888888888888889
3 0.12526041666666668 0.13842592592592592 0.022395833333333334 0.03796296296296296
21 0.134375 0.1587962962962963 0.021875 0.03796296296296296
20 0.14661458333333333 0.13842592592592592 0.022395833333333334 0.03796296296296296
27 0.49895833333333334 0.18333333333333332 0.9375 0.36666666666666664
