13 0.5768229166666666 0.3851851851851852 0.021354166666666667 0.037037037037037035
6 0.6705729166666666 0.36666666666666664 0.021354166666666667 0.037037037037037035
10 0.6606770833333333 0.3851851851851852 0.021354166666666667 0.037037037037037035
21 0.6497395833333334 0.36666666666666664 0.021354166666666667 0.037037037037037035
8 0.63984375 0.3851851851851852 0.021354166666666667 0.037037037037037035
17 0.62890625 0.36666666666666664 0.021354166666666667 0.037037037037037035
22 0.6184895833333334 0.3851851851851852 0.021354166666666667 0.037037037037037035
2 0.6080729166666666 0.36666666666666664 0.021354166666666667 0.037037037037037035
19 0.59765625 0.38472222222222224 0.021354166666666667 0.03611111111111111
16 0.5869791666666667 0.36666666666666664 0.021875 0.037037037037037035
27 0.5005208333333333 0.4685185185185185 0.90625 0.34074074074074073
