0 0.47265625 0.7805555555555556 0.019270833333333334 0.40925925925925927
17 0.41770833333333335 0.8902777777777777 0.065625 0.10462962962962963
0 0.5838541666666667 0.6611111111111111 0.020833333333333332 0.1537037037037037
11 0.4505208333333333 0.9490740740740741 0.06354166666666666 0.1
5 0.48125 0.8907407407407407 0.06354166666666666 0.10555555555555556
10 0.51171875 0.9476851851851852 0.059895833333333336 0.10277777777777777
12 0.5419270833333333 0.8949074074074074 0.059895833333333336 0.10648148148148148
17 0.5716145833333334 0.9462962962962963 0.0609375 0.10555555555555556
24 0.6010416666666667 0.8981481481481481 0.059375 0.10740740740740741
3 0.6338541666666667 0.9425925925925925 0.06458333333333334 0.10555555555555556
9 0.6619791666666667 0.899537037037037 0.06354166666666666 0.10648148148148148
27 0.49973958333333335 0.737037037037037 0.5692708333333333 0.524074074074074
