0 0.5828125 0.2601851851851852 0.01875 0.40925925925925927
2 0.31666666666666665 0.15231481481481482 0.06145833333333333 0.10648148148148148
0 0.52734375 0.14351851851851852 0.0203125 0.1537037037037037
11 0.3450520833333333 0.10416666666666667 0.0609375 0.10648148148148148
17 0.378125 0.15 0.0625 0.10740740740740741
10 0.40703125 0.10694444444444444 0.06510416666666667 0.10462962962962963
3 0.440625 0.15 0.06354166666666666 0.10740740740740741
4 0.47161458333333334 0.10648148148148148 0.06510416666666667 0.1037037037037037
8 0.5036458333333333 0.15 0.06354166666666666 0.10740740740740741
27 0.49973958333333335 0.47453703703703703 0.5692708333333333 0.9490740740740741
