0 0.8768229166666667 0.7666666666666667 0.005729166666666666 0.14814814814814814
14 0.6890625 0.8226851851851852 0.021875 0.03796296296296296
5 0.5924479166666666 0.8041666666666667 0.022395833333333334 0.03796296296296296
0 0.89609375 0.7162037037037037 0.0067708333333333336 0.05648148148148148
5 0.6033854166666667 0.8212962962962963 0.022395833333333334 0.03888888888888889
9 0.6138020833333333 0.8041666666666667 0.022395833333333334 0.03796296296296296
19 0.625 0.8208333333333333 0.022916666666666665 0.03796296296296296
18 0.63515625 0.8041666666666667 0.022395833333333334 0.03796296296296296
5 0.6463541666666667 0.8217592592592593 0.021875 0.03796296296296296
18 0.65703125 0.8041666666666667 0.022395833333333334 0.03796296296296296
12 0.6677083333333333 0.8222222222222222 0.021875 0.03888888888888889
14 0.67890625 0.8032407407407407 0.022395833333333334 0.03796296296296296
27 0.49895833333333334 0.7981481481481482 0.9375 0.37962962962962965
