16 0.5778645833333333 0.8731481481481481 0.021354166666666667 0.037037037037037035
18 0.6716145833333333 0.8564814814814815 0.021354166666666667 0.037037037037037035
19 0.6614583333333334 0.8731481481481481 0.021875 0.037037037037037035
5 0.65078125 0.8564814814814815 0.021354166666666667 0.037037037037037035
23 0.6408854166666667 0.8731481481481481 0.021354166666666667 0.037037037037037035
7 0.6299479166666667 0.8564814814814815 0.021354166666666667 0.037037037037037035
10 0.6197916666666666 0.8731481481481481 0.021875 0.037037037037037035
22 0.6091145833333333 0.8564814814814815 0.021354166666666667 0.037037037037037035
8 0.5989583333333334 0.8731481481481481 0.021875 0.037037037037037035
15 0.58828125 0.8564814814814815 0.021354166666666667 0.037037037037037035
27 0.5005208333333333 0.8111111111111111 0.90625 0.3611111111111111
