0 0.86015625 0.4564814814814815 0.0171875 0.14629629629629629
11 0.33177083333333335 0.4449074074074074 0.021875 0.03796296296296296
0 0.9252604166666667 0.4388888888888889 0.0067708333333333336 0.05555555555555555
10 0.34296875 0.4634259259259259 0.022395833333333334 0.03796296296296296
6 0.3533854166666667 0.4449074074074074 0.022395833333333334 0.03796296296296296
18 0.3645833333333333 0.4634259259259259 0.021875 0.03796296296296296
21 0.375 0.4449074074074074 0.021875 0.03796296296296296
3 0.3859375 0.4634259259259259 0.021875 0.03796296296296296
19 0.3963541666666667 0.4449074074074074 0.021875 0.03796296296296296
8 0.4075520833333333 0.4634259259259259 0.022395833333333334 0.03796296296296296
13 0.41796875 0.4449074074074074 0.022395833333333334 0.03796296296296296
27 0.49895833333333334 0.5055555555555555 0.9375 0.3537037037037037
