0 0.9174479166666667 0.8111111111111111 0.005729166666666666 0.14814814814814814
19 0.6677083333333333 0.9078703703703703 0.021875 0.03796296296296296
0 0.8770833333333333 0.7625 0.00625 0.05648148148148148
12 0.6786458333333333 0.9259259259259259 0.022916666666666665 0.037037037037037035
2 0.6888020833333334 0.9083333333333333 0.021354166666666667 0.03888888888888889
16 0.7002604166666667 0.9254629629629629 0.022395833333333334 0.03796296296296296
6 0.71015625 0.9087962962962963 0.022395833333333334 0.03796296296296296
10 0.721875 0.9254629629629629 0.021875 0.03796296296296296
18 0.7317708333333334 0.9087962962962963 0.021875 0.03796296296296296
2 0.7434895833333334 0.9254629629629629 0.022395833333333334 0.03796296296296296
17 0.753125 0.9087962962962963 0.021875 0.03796296296296296
27 0.49895833333333334 0.8226851851851852 0.9375 0.3527777777777778
