22 0.8044270833333333 0.25462962962962965 0.021354166666666667 0.037037037037037035
12 0.89921875 0.23796296296296296 0.021354166666666667 0.037037037037037035
21 0.8880208333333334 0.25462962962962965 0.021875 0.037037037037037035
23 0.8786458333333333 0.23796296296296296 0.021875 0.037037037037037035
16 0.8671875 0.25462962962962965 0.021875 0.037037037037037035
1 0.8575520833333333 0.2375 0.021354166666666667 0.03611111111111111
16 0.84609375 0.25462962962962965 0.021354166666666667 0.037037037037037035
6 0.8369791666666667 0.2375 0.021875 0.03611111111111111
11 0.8252604166666667 0.25462962962962965 0.021354166666666667 0.037037037037037035
16 0.8158854166666667 0.23796296296296296 0.021354166666666667 0.037037037037037035
27 0.5005208333333333 0.33564814814814814 0.90625 0.3416666666666667
