0 0.89609375 0.9069444444444444 0.005729166666666666 0.14722222222222223
26 0.6434895833333333 0.8643518518518518 0.022395833333333334 0.03796296296296296
1 0.54609375 0.8467592592592592 0.022395833333333334 0.03796296296296296
0 0.8567708333333334 0.861574074074074 0.005208333333333333 0.05648148148148148
20 0.55703125 0.8643518518518518 0.022395833333333334 0.03796296296296296
7 0.5677083333333334 0.8467592592592592 0.021875 0.03796296296296296
18 0.5786458333333333 0.8643518518518518 0.021875 0.03796296296296296
22 0.5890625 0.8472222222222222 0.021875 0.03888888888888889
8 0.6002604166666666 0.8643518518518518 0.022395833333333334 0.03796296296296296
16 0.6106770833333334 0.8467592592592592 0.022395833333333334 0.03796296296296296
22 0.621875 0.8643518518518518 0.021875 0.03796296296296296
10 0.63203125 0.8467592592592592 0.022395833333333334 0.03796296296296296
27 0.49895833333333334 0.8606481481481482 0.9375 0.27685185185185185
