0 0.6145833333333334 0.1884259259259259 0.01875 0.3768518518518518
12 0.42942708333333335 0.12453703703703704 0.0609375 0.10648148148148148
0 0.6427083333333333 0.05694444444444444 0.01875 0.11388888888888889
12 0.4588541666666667 0.18009259259259258 0.06145833333333333 0.10648148148148148
18 0.4901041666666667 0.12175925925925926 0.06145833333333333 0.10648148148148148
24 0.52109375 0.18194444444444444 0.06510416666666667 0.10462962962962963
14 0.5520833333333334 0.12175925925925926 0.06354166666666666 0.10648148148148148
14 0.5856770833333333 0.18194444444444444 0.06510416666666667 0.10462962962962963
15 0.6151041666666667 0.12175925925925926 0.06354166666666666 0.10648148148148148
1 0.6502604166666667 0.18194444444444444 0.06510416666666667 0.10462962962962963
8 0.6778645833333333 0.12175925925925926 0.06302083333333333 0.10648148148148148
27 0.49973958333333335 0.4263888888888889 0.5692708333333333 0.8527777777777777
