0 0.43984375 0.8787037037037037 0.019270833333333334 0.24074074074074073
26 0.36640625 0.9259259259259259 0.0640625 0.10555555555555556
0 0.5838541666666667 0.8324074074074074 0.020833333333333332 0.1537037037037037
22 0.39895833333333336 0.8810185185185185 0.059375 0.10648148148148148
14 0.428125 0.9300925925925926 0.06145833333333333 0.10648148148148148
3 0.45755208333333336 0.8777777777777778 0.059895833333333336 0.10555555555555556
3 0.48828125 0.9337962962962963 0.0609375 0.10648148148148148
17 0.5192708333333333 0.874537037037037 0.06458333333333334 0.10462962962962963
8 0.5497395833333333 0.9356481481481481 0.0640625 0.10648148148148148
27 0.49973958333333335 0.7601851851851852 0.5692708333333333 0.4777777777777778
