0 0.9046875 0.8666666666666667 0.005208333333333333 0.14814814814814814
1 0.2794270833333333 0.9847222222222223 0.022395833333333334 0.028703703703703703
0 0.9177083333333333 0.825 0.00625 0.05555555555555555
7 0.290625 0.9717592592592592 0.021875 0.03796296296296296
21 0.3015625 0.9851851851851852 0.022916666666666665 0.027777777777777776
1 0.31197916666666664 0.9708333333333333 0.021875 0.03796296296296296
13 0.3234375 0.9856481481481482 0.021875 0.026851851851851852
3 0.33359375 0.9708333333333333 0.022395833333333334 0.03796296296296296
7 0.34479166666666666 0.9856481481481482 0.021875 0.026851851851851852
18 0.35494791666666664 0.9708333333333333 0.022395833333333334 0.03796296296296296
27 0.49895833333333334 0.8467592592592592 0.9375 0.30462962962962964
