22 0.5033854166666667 0.6902777777777778 0.021354166666666667 0.03611111111111111
7 0.49296875 0.7087962962962963 0.021354166666666667 0.03796296296296296
22 0.4822916666666667 0.6898148148148148 0.021875 0.037037037037037035
7 0.471875 0.7087962962962963 0.021875 0.03611111111111111
2 0.46119791666666665 0.6902777777777778 0.021354166666666667 0.03611111111111111
1 0.4510416666666667 0.7083333333333334 0.021875 0.037037037037037035
3 0.44036458333333334 0.6902777777777778 0.021354166666666667 0.03611111111111111
20 0.43046875 0.7087962962962963 0.021354166666666667 0.03611111111111111
19 0.4192708333333333 0.6902777777777778 0.021875 0.03611111111111111
27 0.5005208333333333 0.6129629629629629 0.90625 0.34074074074074073
