22 0.5830729166666667 0.9555555555555556 0.021354166666666667 0.037037037037037035
4 0.67734375 0.937037037037037 0.021354166666666667 0.037037037037037035
16 0.66640625 0.9564814814814815 0.021354166666666667 0.037037037037037035
14 0.6565104166666667 0.937037037037037 0.021354166666666667 0.037037037037037035
9 0.6455729166666667 0.9560185185185185 0.021354166666666667 0.03611111111111111
25 0.6356770833333333 0.937037037037037 0.021354166666666667 0.037037037037037035
7 0.6247395833333333 0.9560185185185185 0.021354166666666667 0.03796296296296296
5 0.6145833333333334 0.937037037037037 0.021875 0.037037037037037035
7 0.60390625 0.9555555555555556 0.021354166666666667 0.037037037037037035
12 0.5934895833333333 0.937962962962963 0.021354166666666667 0.037037037037037035
27 0.5005208333333333 0.8430555555555556 0.90625 0.31203703703703706
