0 0.9046875 0.3861111111111111 0.005208333333333333 0.14814814814814814
17 0.5953125 0.537962962962963 0.021875 0.03888888888888889
0 0.8958333333333334 0.33935185185185185 0.00625 0.05648148148148148
23 0.60625 0.5194444444444445 0.021875 0.03888888888888889
20 0.6169270833333333 0.538425925925926 0.022395833333333334 0.03796296296296296
1 0.6276041666666666 0.5194444444444445 0.021875 0.03888888888888889
18 0.6388020833333333 0.537962962962963 0.022395833333333334 0.03888888888888889
24 0.6489583333333333 0.5189814814814815 0.021875 0.03796296296296296
17 0.66015625 0.5375 0.022395833333333334 0.03796296296296296
27 0.49895833333333334 0.4310185185185185 0.9375 0.3527777777777778
