0 0.9375 0.10046296296296296 0.00625 0.14907407407407408
8 0.9044270833333333 0.24305555555555555 0.022395833333333334 0.03796296296296296
2 0.8075520833333333 0.22453703703703703 0.022395833333333334 0.03796296296296296
0 0.9260416666666667 0.0875 0.00625 0.05648148148148148
14 0.8166666666666667 0.24212962962962964 0.021875 0.03796296296296296
17 0.82890625 0.22453703703703703 0.022395833333333334 0.03796296296296296
11 0.83828125 0.24212962962962964 0.022395833333333334 0.03796296296296296
13 0.8505208333333333 0.22453703703703703 0.021875 0.03796296296296296
12 0.8604166666666667 0.24212962962962964 0.022916666666666665 0.03796296296296296
3 0.8716145833333333 0.22407407407407406 0.021354166666666667 0.03888888888888889
4 0.8822916666666667 0.24305555555555555 0.022916666666666665 0.03796296296296296
6 0.8924479166666667 0.22361111111111112 0.021354166666666667 0.03796296296296296
27 0.49895833333333334 0.17916666666666667 0.9375 0.35833333333333334
