7 0.17890625 0.35648148148148145 0.021354166666666667 0.037037037037037035
12 0.16822916666666668 0.37407407407407406 0.021875 0.037037037037037035
12 0.15833333333333333 0.35555555555555557 0.020833333333333332 0.037037037037037035
13 0.14739583333333334 0.37407407407407406 0.021875 0.037037037037037035
18 0.13776041666666666 0.35648148148148145 0.021354166666666667 0.037037037037037035
4 0.12630208333333334 0.37407407407407406 0.021354166666666667 0.037037037037037035
23 0.11666666666666667 0.3560185185185185 0.021875 0.03611111111111111
12 0.10546875 0.37407407407407406 0.021354166666666667 0.037037037037037035
1 0.09609375 0.3560185185185185 0.021354166666666667 0.03611111111111111
27 0.5005208333333333 0.44074074074074077 0.90625 0.34074074074074073
