18 0.4278645833333333 0.1875 0.021354166666666667 0.03611111111111111
11 0.5216145833333333 0.17037037037037037 0.021354166666666667 0.037037037037037035
26 0.5111979166666667 0.18703703703703703 0.021354166666666667 0.037037037037037035
23 0.50078125 0.17037037037037037 0.021354166666666667 0.037037037037037035
7 0.4903645833333333 0.1875 0.021354166666666667 0.03611111111111111
20 0.47994791666666664 0.17037037037037037 0.021354166666666667 0.037037037037037035
23 0.46927083333333336 0.1875 0.021875 0.03611111111111111
14 0.4591145833333333 0.17037037037037037 0.021354166666666667 0.037037037037037035
5 0.44869791666666664 0.1875 0.021354166666666667 0.03611111111111111
17 0.43828125 0.17037037037037037 0.021354166666666667 0.037037037037037035
27 0.5005208333333333 0.18981481481481483 0.90625 0.3611111111111111
