26 0.5247395833333334 0.937962962962963 0.021354166666666667 0.037037037037037035
3 0.5140625 0.9560185185185185 0.021875 0.03611111111111111
16 0.5036458333333333 0.937962962962963 0.021875 0.037037037037037035
12 0.49322916666666666 0.9564814814814815 0.021875 0.037037037037037035
21 0.4825520833333333 0.9375 0.021354166666666667 0.03611111111111111
8 0.47213541666666664 0.9564814814814815 0.021354166666666667 0.037037037037037035
14 0.46171875 0.9375 0.021354166666666667 0.03611111111111111
21 0.4513020833333333 0.9564814814814815 0.021354166666666667 0.037037037037037035
25 0.44088541666666664 0.9375 0.021354166666666667 0.03611111111111111
27 0.5005208333333333 0.8351851851851851 0.90625 0.3277777777777778
