17 0.5497395833333333 0.6703703703703704 0.021354166666666667 0.037037037037037035
4 0.5393229166666667 0.687962962962963 0.021354166666666667 0.037037037037037035
15 0.52890625 0.6703703703703704 0.021354166666666667 0.037037037037037035
3 0.5184895833333333 0.687962962962963 0.021354166666666667 0.037037037037037035
2 0.5080729166666667 0.6703703703703704 0.021354166666666667 0.037037037037037035
12 0.4973958333333333 0.687962962962963 0.021875 0.037037037037037035
5 0.48723958333333334 0.6703703703703704 0.021354166666666667 0.037037037037037035
24 0.47682291666666665 0.687962962962963 0.021354166666666667 0.037037037037037035
20 0.46640625 0.6703703703703704 0.021354166666666667 0.037037037037037035
27 0.5005208333333333 0.6865740740740741 0.90625 0.3435185185185185
