0 0.9046875 0.3990740740740741 0.005208333333333333 0.14814814814814814
4 0.18541666666666667 0.475462962962963 0.021875 0.03796296296296296
0 0.8770833333333333 0.35138888888888886 0.00625 0.05648148148148148
4 0.19453125 0.45694444444444443 0.022395833333333334 0.03796296296296296
2 0.20677083333333332 0.475462962962963 0.021875 0.03796296296296296
1 0.21614583333333334 0.45694444444444443 0.021875 0.03796296296296296
11 0.228125 0.475462962962963 0.021875 0.03796296296296296
15 0.23802083333333332 0.45694444444444443 0.021875 0.03796296296296296
14 0.24947916666666667 0.475462962962963 0.021875 0.03796296296296296
14 0.2596354166666667 0.45694444444444443 0.022395833333333334 0.03796296296296296
27 0.49895833333333334 0.4444444444444444 0.9375 0.3537037037037037
