0 0.58046875 0.1550925925925926 0.0203125 0.3101851851851852
16 0.4276041666666667 0.24074074074074073 0.06145833333333333 0.1037037037037037
0 0.44114583333333335 0.01574074074074074 0.020833333333333332 0.03148148148148148
17 0.45755208333333336 0.29305555555555557 0.059895833333333336 0.10462962962962963
9 0.48723958333333334 0.24259259259259258 0.058854166666666666 0.10185185185185185
21 0.5174479166666667 0.29768518518518516 0.06197916666666667 0.09907407407407408
23 0.5466145833333333 0.24351851851851852 0.0609375 0.1
8 0.5799479166666667 0.29907407407407405 0.0640625 0.09814814814814815
13 0.60859375 0.24166666666666667 0.0640625 0.10185185185185185
25 0.64453125 0.29583333333333334 0.06614583333333333 0.10092592592592593
7 0.67265625 0.23703703703703705 0.06510416666666667 0.10555555555555556
27 0.49973958333333335 0.38425925925925924 0.5692708333333333 0.7685185185185185
