14 0.4395833333333333 0.052314814814814814 0.021875 0.03611111111111111
15 0.42942708333333335 0.06851851851851852 0.021354166666666667 0.037037037037037035
18 0.41848958333333336 0.05277777777777778 0.021354166666666667 0.03518518518518519
15 0.4083333333333333 0.06851851851851852 0.021875 0.037037037037037035
8 0.39765625 0.05324074074074074 0.021354166666666667 0.03425925925925926
13 0.3875 0.06898148148148148 0.021875 0.03611111111111111
7 0.3770833333333333 0.05277777777777778 0.021875 0.03333333333333333
9 0.36640625 0.06898148148148148 0.021354166666666667 0.03611111111111111
13 0.35598958333333336 0.05185185185185185 0.021354166666666667 0.03518518518518519
27 0.5005208333333333 0.15555555555555556 0.90625 0.3111111111111111
