0 0.8768229166666667 0.5546296296296296 0.005729166666666666 0.14814814814814814
19 0.12734375 0.6199074074074075 0.021354166666666667 0.03796296296296296
0 0.9174479166666667 0.5060185185185185 0.0078125 0.05648148148148148
21 0.13697916666666668 0.6013888888888889 0.022916666666666665 0.03796296296296296
17 0.14817708333333332 0.6199074074074075 0.021354166666666667 0.03796296296296296
21 0.159375 0.6013888888888889 0.022916666666666665 0.03796296296296296
14 0.16927083333333334 0.6199074074074075 0.021875 0.03796296296296296
23 0.18098958333333334 0.6013888888888889 0.022395833333333334 0.03796296296296296
15 0.190625 0.6199074074074075 0.021875 0.03796296296296296
27 0.49895833333333334 0.6032407407407407 0.9375 0.35648148148148145
