0 0.9375 0.4101851851851852 0.00625 0.14814814814814814
8 0.5682291666666667 0.4041666666666667 0.021875 0.03796296296296296
12 0.4713541666666667 0.38564814814814813 0.021875 0.03796296296296296
0 0.87734375 0.362962962962963 0.0067708333333333336 0.05555555555555555
4 0.48203125 0.4050925925925926 0.022395833333333334 0.03796296296296296
22 0.49296875 0.38564814814814813 0.022395833333333334 0.03796296296296296
12 0.50390625 0.4050925925925926 0.022395833333333334 0.03796296296296296
18 0.5145833333333333 0.38564814814814813 0.021875 0.03796296296296296
20 0.5252604166666667 0.4046296296296296 0.022395833333333334 0.03888888888888889
16 0.5361979166666667 0.3861111111111111 0.022395833333333334 0.037037037037037035
15 0.5466145833333333 0.4046296296296296 0.022395833333333334 0.03888888888888889
3 0.5578125 0.38657407407407407 0.021875 0.03796296296296296
27 0.49895833333333334 0.4537037037037037 0.9375 0.3537037037037037
