0 0.9174479166666667 0.7833333333333333 0.005729166666666666 0.14814814814814814
14 0.6057291666666667 0.8606481481481482 0.021875 0.03796296296296296
20 0.50859375 0.8430555555555556 0.022395833333333334 0.03796296296296296
0 0.85703125 0.736574074074074 0.005729166666666666 0.05648148148148148
5 0.5192708333333333 0.8601851851851852 0.021875 0.03888888888888889
7 0.5296875 0.8430555555555556 0.021875 0.03796296296296296
25 0.5408854166666667 0.8601851851851852 0.022395833333333334 0.03888888888888889
18 0.5513020833333333 0.8430555555555556 0.022395833333333334 0.03796296296296296
15 0.5625 0.8597222222222223 0.021875 0.03796296296296296
3 0.5729166666666666 0.8430555555555556 0.021875 0.03796296296296296
9 0.5841145833333333 0.8606481481481482 0.022395833333333334 0.03796296296296296
14 0.5942708333333333 0.8430555555555556 0.021875 0.03796296296296296
27 0.49895833333333334 0.812037037037037 0.9375 0.37407407407407406
