0 0.865625 0.325 0.00625 0.14814814814814814
12 0.8364583333333333 0.29212962962962963 0.021875 0.03796296296296296
0 0.89609375 0.2773148148148148 0.0067708333333333336 0.05648148148148148
20 0.8484375 0.274537037037037 0.021875 0.03796296296296296
1 0.8578125 0.29259259259259257 0.021875 0.03888888888888889
3 0.8700520833333333 0.275 0.022395833333333334 0.03888888888888889
21 0.8794270833333333 0.29259259259259257 0.022395833333333334 0.03888888888888889
12 0.8916666666666667 0.274537037037037 0.021875 0.03796296296296296
23 0.9015625 0.29259259259259257 0.022916666666666665 0.03888888888888889
27 0.49895833333333334 0.36898148148148147 0.9375 0.3509259259259259
