14 0.5018229166666667 0.2222222222222222 0.021354166666666667 0.037037037037037035
23 0.5958333333333333 0.2050925925925926 0.021875 0.03611111111111111
11 0.58515625 0.2222222222222222 0.021354166666666667 0.037037037037037035
10 0.575 0.20462962962962963 0.021875 0.037037037037037035
1 0.5643229166666667 0.2222222222222222 0.021354166666666667 0.037037037037037035
25 0.55390625 0.20462962962962963 0.021354166666666667 0.037037037037037035
11 0.5434895833333333 0.22268518518518518 0.021354166666666667 0.03611111111111111
8 0.5330729166666667 0.20416666666666666 0.021354166666666667 0.03611111111111111
12 0.52265625 0.22268518518518518 0.021354166666666667 0.03611111111111111
17 0.5122395833333333 0.20416666666666666 0.021354166666666667 0.03611111111111111
27 0.5005208333333333 0.24861111111111112 0.90625 0.3527777777777778
