7 0.2877604166666667 0.7925925925925926 0.021354166666666667 0.037037037037037035
9 0.3815104166666667 0.774074074074074 0.021354166666666667 0.037037037037037035
3 0.37135416666666665 0.7925925925925926 0.021875 0.037037037037037035
19 0.3606770833333333 0.7736111111111111 0.021354166666666667 0.03611111111111111
5 0.35052083333333334 0.7925925925925926 0.021875 0.037037037037037035
24 0.33984375 0.774074074074074 0.021354166666666667 0.037037037037037035
13 0.3299479166666667 0.7925925925925926 0.021354166666666667 0.037037037037037035
21 0.3190104166666667 0.774074074074074 0.021354166666666667 0.037037037037037035
16 0.30859375 0.7921296296296296 0.021354166666666667 0.03611111111111111
15 0.2981770833333333 0.774074074074074 0.021354166666666667 0.037037037037037035
27 0.5005208333333333 0.8416666666666667 0.90625 0.3148148148148148
