0 0.8658854166666666 0.31203703703703706 0.005729166666666666 0.14814814814814814
6 0.7140625 0.2611111111111111 0.021875 0.03888888888888889
0 0.9177083333333333 0.2662037037037037 0.00625 0.05648148148148148
23 0.72578125 0.2439814814814815 0.022395833333333334 0.03796296296296296
24 0.7354166666666667 0.2611111111111111 0.021875 0.03888888888888889
21 0.7473958333333334 0.2439814814814815 0.021875 0.03796296296296296
5 0.75703125 0.2611111111111111 0.022395833333333334 0.03888888888888889
14 0.76875 0.24305555555555555 0.021875 0.03796296296296296
10 0.7786458333333334 0.26157407407407407 0.022916666666666665 0.03796296296296296
27 0.49895833333333334 0.36944444444444446 0.9375 0.37592592592592594
