0 0.8765625 0.7393518518518518 0.00625 0.14907407407407408
5 0.8440104166666667 0.6939814814814815 0.022395833333333334 0.03796296296296296
0 0.9377604166666667 0.6898148148148148 0.0067708333333333336 0.05555555555555555
18 0.853125 0.7134259259259259 0.021875 0.03796296296296296
8 0.865625 0.6939814814814815 0.021875 0.03796296296296296
13 0.875 0.7134259259259259 0.021875 0.03796296296296296
22 0.8872395833333333 0.6935185185185185 0.022395833333333334 0.03888888888888889
23 0.8963541666666667 0.7129629629629629 0.021875 0.03888888888888889
5 0.90859375 0.6939814814814815 0.022395833333333334 0.03796296296296296
11 0.91796875 0.7134259259259259 0.022395833333333334 0.03796296296296296
20 0.93046875 0.6953703703703704 0.022395833333333334 0.03518518518518519
27 0.49895833333333334 0.774537037037037 0.9375 0.375
