0 0.92578125 0.5513888888888889 0.005729166666666666 0.14722222222222223
7 0.8481770833333333 0.587037037037037 0.022395833333333334 0.037037037037037035
13 0.75 0.5685185185185185 0.021875 0.03888888888888889
0 0.9377604166666667 0.47962962962962963 0.0067708333333333336 0.05555555555555555
5 0.76171875 0.587037037037037 0.022395833333333334 0.037037037037037035
4 0.7713541666666667 0.5689814814814815 0.021875 0.03796296296296296
24 0.7833333333333333 0.586574074074074 0.021875 0.03796296296296296
23 0.79296875 0.5689814814814815 0.022395833333333334 0.03796296296296296
4 0.8049479166666667 0.586574074074074 0.022395833333333334 0.03796296296296296
12 0.8145833333333333 0.5689814814814815 0.021875 0.03796296296296296
1 0.8265625 0.586574074074074 0.021875 0.03796296296296296
8 0.8359375 0.5689814814814815 0.021875 0.03796296296296296
27 0.49895833333333334 0.5703703703703704 0.9375 0.3537037037037037
