13 0.41041666666666665 0.5587962962962963 0.021875 0.03611111111111111
1 0.5044270833333333 0.5407407407407407 0.021354166666666667 0.037037037037037035
26 0.49375 0.5587962962962963 0.021875 0.03611111111111111
11 0.48333333333333334 0.5407407407407407 0.021875 0.037037037037037035
11 0.47291666666666665 0.5587962962962963 0.021875 0.03611111111111111
13 0.4625 0.5407407407407407 0.021875 0.037037037037037035
7 0.45208333333333334 0.5587962962962963 0.021875 0.03611111111111111
17 0.44166666666666665 0.5407407407407407 0.021875 0.037037037037037035
1 0.43125 0.5587962962962963 0.021875 0.03611111111111111
5 0.4205729166666667 0.5407407407407407 0.021354166666666667 0.037037037037037035
27 0.5005208333333333 0.6481481481481481 0.90625 0.34074074074074073
