0 0.9046875 0.8759259259259259 0.005208333333333333 0.14814814814814814
10 0.48828125 0.912962962962963 0.022395833333333334 0.03888888888888889
0 0.9177083333333333 0.8319444444444445 0.00625 0.05648148148148148
17 0.49895833333333334 0.9296296296296296 0.021875 0.03888888888888889
26 0.5098958333333333 0.9125 0.021875 0.03796296296296296
21 0.5205729166666667 0.9296296296296296 0.022395833333333334 0.03888888888888889
9 0.53125 0.912962962962963 0.021875 0.03888888888888889
1 0.5421875 0.9296296296296296 0.021875 0.03888888888888889
18 0.5526041666666667 0.912962962962963 0.021875 0.03888888888888889
10 0.5638020833333334 0.9300925925925926 0.022395833333333334 0.03796296296296296
11 0.57421875 0.912962962962963 0.022395833333333334 0.03888888888888889
27 0.49895833333333334 0.85 0.9375 0.29814814814814816
