0 0.8565104166666667 0.2222222222222222 0.005729166666666666 0.14814814814814814
26 0.11380208333333333 0.2986111111111111 0.022395833333333334 0.03796296296296296
0 0.8770833333333333 0.17037037037037037 0.00625 0.05555555555555555
5 0.12604166666666666 0.2791666666666667 0.021875 0.03796296296296296
7 0.13541666666666666 0.2986111111111111 0.021875 0.03796296296296296
15 0.14739583333333334 0.2791666666666667 0.021875 0.03796296296296296
26 0.15703125 0.2986111111111111 0.022395833333333334 0.03796296296296296
22 0.16848958333333333 0.2791666666666667 0.021354166666666667 0.03796296296296296
13 0.17916666666666667 0.29814814814814816 0.022916666666666665 0.037037037037037035
27 0.49895833333333334 0.27037037037037037 0.9375 0.3648148148148148
