0 0.8565104166666667 0.5185185185185185 0.005729166666666666 0.14814814814814814
14 0.8640625 0.6486111111111111 0.021875 0.03796296296296296
0 0.9049479166666666 0.475 0.005729166666666666 0.05555555555555555
17 0.8734375 0.6310185185185185 0.021875 0.03796296296296296
9 0.8856770833333333 0.649074074074074 0.022395833333333334 0.03888888888888889
26 0.8947916666666667 0.6310185185185185 0.021875 0.03796296296296296
11 0.9072916666666667 0.6486111111111111 0.021875 0.03796296296296296
24 0.91640625 0.6310185185185185 0.022395833333333334 0.03796296296296296
4 0.92890625 0.6486111111111111 0.022395833333333334 0.03796296296296296
27 0.49895833333333334 0.5662037037037037 0.9375 0.3527777777777778
