0 0.49947916666666664 0.4305555555555556 0.019791666666666666 0.4185185185185185
14 0.41744791666666664 0.4300925925925926 0.06510416666666667 0.10462962962962963
0 0.32760416666666664 0.2824074074074074 0.019791666666666666 0.1574074074074074
4 0.45078125 0.37592592592592594 0.06302083333333333 0.10740740740740741
22 0.48125 0.4300925925925926 0.06354166666666666 0.10462962962962963
14 0.5119791666666667 0.3763888888888889 0.06041666666666667 0.10648148148148148
8 0.5419270833333333 0.42962962962962964 0.059895833333333336 0.10555555555555556
19 0.5716145833333334 0.37777777777777777 0.0609375 0.10555555555555556
11 0.6013020833333333 0.42916666666666664 0.059895833333333336 0.10648148148148148
12 0.6338541666666667 0.37916666666666665 0.06458333333333334 0.10462962962962963
27 0.49973958333333335 0.5425925925925926 0.5692708333333333 0.912962962962963
