0 0.3848958333333333 0.23194444444444445 0.019791666666666666 0.41944444444444445
17 0.40390625 0.29814814814814816 0.06302083333333333 0.10555555555555556
0 0.30390625 0.10555555555555556 0.0203125 0.1537037037037037
7 0.43645833333333334 0.2412037037037037 0.06354166666666666 0.10648148148148148
21 0.4674479166666667 0.2986111111111111 0.06510416666666667 0.10462962962962963
26 0.49947916666666664 0.2412037037037037 0.06354166666666666 0.10648148148148148
16 0.5317708333333333 0.2986111111111111 0.065625 0.10462962962962963
16 0.5625 0.24074074074074073 0.06354166666666666 0.10740740740740741
25 0.5953125 0.2986111111111111 0.06354166666666666 0.10462962962962963
27 0.49973958333333335 0.4634259259259259 0.5692708333333333 0.9268518518518518
