0 0.6731770833333334 0.19398148148148148 0.019270833333333334 0.38796296296296295
10 0.4390625 0.5851851851851851 0.0625 0.09259259259259259
0 0.6953125 0.06157407407407407 0.019791666666666666 0.12314814814814815
3 0.46901041666666665 0.5375 0.06510416666666667 0.10277777777777777
24 0.5013020833333334 0.587037037037037 0.06302083333333333 0.09814814814814815
9 0.53359375 0.537962962962963 0.06510416666666667 0.1037037037037037
20 0.5638020833333334 0.5912037037037037 0.06302083333333333 0.10462962962962963
25 0.5963541666666666 0.538425925925926 0.0625 0.10462962962962963
6 0.6255208333333333 0.5907407407407408 0.06145833333333333 0.1037037037037037
27 0.49973958333333335 0.42962962962962964 0.5692708333333333 0.8592592592592593
