0 0.8846354166666667 0.5745370370370371 0.0067708333333333336 0.14722222222222223
12 0.215625 0.6967592592592593 0.020833333333333332 0.03796296296296296
0 0.9375 0.5273148148148148 0.00625 0.05648148148148148
22 0.22734375 0.6796296296296296 0.021354166666666667 0.03888888888888889
15 0.23645833333333333 0.6976851851851852 0.021875 0.03796296296296296
17 0.2484375 0.6796296296296296 0.021875 0.03888888888888889
7 0.25807291666666665 0.6976851851851852 0.022395833333333334 0.03796296296296296
8 0.26979166666666665 0.6791666666666667 0.021875 0.03796296296296296
25 0.2799479166666667 0.6976851851851852 0.022395833333333334 0.03796296296296296
4 0.290625 0.6791666666666667 0.021875 0.03796296296296296
27 0.49895833333333334 0.6226851851851852 0.9375 0.3527777777777778
