0 0.8565104166666667 0.07407407407407407 0.005729166666666666 0.14814814814814814
3 0.6705729166666666 0.13842592592592592 0.022395833333333334 0.03796296296296296
0 0.8856770833333333 0.03148148148148148 0.0078125 0.05555555555555555
6 0.68203125 0.15833333333333333 0.022395833333333334 0.03888888888888889
10 0.6921875 0.13842592592592592 0.021875 0.03796296296296296
18 0.7036458333333333 0.15833333333333333 0.021875 0.03888888888888889
23 0.7138020833333333 0.13842592592592592 0.022395833333333334 0.03796296296296296
17 0.7252604166666666 0.15833333333333333 0.022395833333333334 0.037037037037037035
19 0.73515625 0.13842592592592592 0.022395833333333334 0.03796296296296296
17 0.746875 0.15787037037037038 0.021875 0.03796296296296296
24 0.7565104166666666 0.13842592592592592 0.022395833333333334 0.03796296296296296
27 0.49895833333333334 0.1685185185185185 0.9375 0.337037037037037
