0 0.9046875 0.8435185185185186 0.005208333333333333 0.14814814814814814
22 0.5924479166666666 0.9726851851851852 0.022395833333333334 0.03796296296296296
0 0.89609375 0.799537037037037 0.0067708333333333336 0.05648148148148148
22 0.6036458333333333 0.9523148148148148 0.021875 0.03796296296296296
9 0.6140625 0.9731481481481481 0.021875 0.03888888888888889
18 0.6252604166666667 0.9523148148148148 0.022395833333333334 0.03796296296296296
22 0.6356770833333333 0.9731481481481481 0.022395833333333334 0.03888888888888889
8 0.646875 0.9527777777777777 0.021875 0.03888888888888889
25 0.65703125 0.9722222222222222 0.022395833333333334 0.03888888888888889
27 0.49895833333333334 0.8356481481481481 0.9375 0.32685185185185184
