0 0.26666666666666666 0.8819444444444444 0.01875 0.23425925925925925
19 0.47161458333333334 0.7976851851851852 0.06510416666666667 0.10462962962962963
0 0.58359375 0.8305555555555556 0.016145833333333335 0.1537037037037037
7 0.50390625 0.8574074074074074 0.0640625 0.10740740740740741
10 0.5361979166666667 0.7976851851851852 0.06510416666666667 0.10462962962962963
20 0.565625 0.8569444444444444 0.06145833333333333 0.10648148148148148
4 0.596875 0.799074074074074 0.058333333333333334 0.10555555555555556
3 0.6229166666666667 0.8532407407407407 0.05416666666666667 0.10462962962962963
17 0.65078125 0.8013888888888889 0.050520833333333334 0.10462962962962963
27 0.46901041666666665 0.7606481481481482 0.5078125 0.47685185185185186
