10 0.4231770833333333 0.8731481481481481 0.021354166666666667 0.037037037037037035
15 0.5171875 0.8555555555555555 0.021875 0.037037037037037035
9 0.5067708333333333 0.874537037037037 0.021875 0.03611111111111111
9 0.49609375 0.8555555555555555 0.021354166666666667 0.037037037037037035
8 0.4856770833333333 0.8740740740740741 0.021354166666666667 0.037037037037037035
20 0.4752604166666667 0.8564814814814815 0.021354166666666667 0.037037037037037035
13 0.46484375 0.8740740740740741 0.021354166666666667 0.037037037037037035
2 0.4544270833333333 0.8564814814814815 0.021354166666666667 0.037037037037037035
23 0.4440104166666667 0.8736111111111111 0.021354166666666667 0.03611111111111111
9 0.43359375 0.8564814814814815 0.021354166666666667 0.037037037037037035
27 0.5005208333333333 0.8217592592592593 0.90625 0.35462962962962963
