0 0.9375 0.20833333333333334 0.00625 0.14814814814814814
16 0.37838541666666664 0.16712962962962963 0.022395833333333334 0.03796296296296296
20 0.28203125 0.1476851851851852 0.022395833333333334 0.03796296296296296
0 0.92578125 0.19166666666666668 0.005729166666666666 0.05555555555555555
10 0.29244791666666664 0.16712962962962963 0.022395833333333334 0.03796296296296296
23 0.30364583333333334 0.1476851851851852 0.021875 0.03796296296296296
7 0.3138020833333333 0.16712962962962963 0.022395833333333334 0.03796296296296296
7 0.32526041666666666 0.1476851851851852 0.022395833333333334 0.03796296296296296
8 0.33541666666666664 0.16712962962962963 0.021875 0.03796296296296296
13 0.34661458333333334 0.14722222222222223 0.022395833333333334 0.03888888888888889
22 0.3567708333333333 0.16712962962962963 0.021875 0.03796296296296296
21 0.36822916666666666 0.14722222222222223 0.021875 0.03888888888888889
27 0.49895833333333334 0.25833333333333336 0.9375 0.36666666666666664
