0 0.8765625 0.4648148148148148 0.00625 0.14814814814814814
13 0.3372395833333333 0.45787037037037037 0.022395833333333334 0.03796296296296296
0 0.9177083333333333 0.41712962962962963 0.00625 0.05648148148148148
5 0.34869791666666666 0.475462962962963 0.022395833333333334 0.03796296296296296
24 0.35885416666666664 0.45787037037037037 0.021875 0.03796296296296296
19 0.37005208333333334 0.47638888888888886 0.022395833333333334 0.03796296296296296
23 0.38046875 0.45787037037037037 0.022395833333333334 0.03796296296296296
9 0.39166666666666666 0.4759259259259259 0.021875 0.03888888888888889
4 0.40234375 0.45694444444444443 0.022395833333333334 0.03796296296296296
2 0.41302083333333334 0.475462962962963 0.021875 0.03796296296296296
23 0.4236979166666667 0.45740740740740743 0.022395833333333334 0.03888888888888889
27 0.49895833333333334 0.5097222222222222 0.9375 0.3527777777777778
