22 0.18151041666666667 0.12962962962962962 0.021354166666666667 0.037037037037037035
18 0.17161458333333332 0.14675925925925926 0.021354166666666667 0.03611111111111111
19 0.16015625 0.1300925925925926 0.021354166666666667 0.03611111111111111
12 0.15052083333333333 0.14722222222222223 0.021875 0.037037037037037035
13 0.13958333333333334 0.12962962962962962 0.020833333333333332 0.037037037037037035
14 0.1296875 0.14722222222222223 0.021875 0.037037037037037035
8 0.11901041666666666 0.12962962962962962 0.021354166666666667 0.037037037037037035
4 0.10833333333333334 0.14722222222222223 0.021875 0.037037037037037035
25 0.09869791666666666 0.12916666666666668 0.021354166666666667 0.03611111111111111
27 0.5005208333333333 0.16157407407407406 0.90625 0.32314814814814813
