0 0.8565104166666667 0.1050925925925926 0.005729166666666666 0.14907407407407408
4 0.6075520833333333 0.12546296296296297 0.021354166666666667 0.03796296296296296
0 0.89609375 0.058333333333333334 0.0067708333333333336 0.05555555555555555
25 0.61875 0.10787037037037037 0.021875 0.03796296296296296
16 0.62890625 0.125 0.022395833333333334 0.03888888888888889
9 0.6401041666666667 0.10787037037037037 0.021875 0.03796296296296296
9 0.6505208333333333 0.125 0.021875 0.03888888888888889
15 0.6619791666666667 0.10787037037037037 0.021875 0.03796296296296296
4 0.671875 0.125 0.021875 0.03888888888888889
25 0.6833333333333333 0.10787037037037037 0.021875 0.03796296296296296
27 0.49895833333333334 0.17962962962962964 0.9375 0.3592592592592593
