0 0.8768229166666667 0.8157407407407408 0.005729166666666666 0.14814814814814814
18 0.6442708333333333 0.9666666666666667 0.021875 0.03888888888888889
0 0.9377604166666667 0.7694444444444445 0.005729166666666666 0.05555555555555555
24 0.6544270833333333 0.950462962962963 0.022395833333333334 0.03796296296296296
2 0.6658854166666667 0.9666666666666667 0.022395833333333334 0.03888888888888889
23 0.6760416666666667 0.950462962962963 0.021875 0.03796296296296296
9 0.6875 0.9671296296296297 0.021875 0.03796296296296296
16 0.69765625 0.9495370370370371 0.022395833333333334 0.03796296296296296
16 0.70859375 0.9680555555555556 0.021354166666666667 0.03796296296296296
27 0.49895833333333334 0.825462962962963 0.9375 0.3472222222222222
