0 0.8768229166666667 0.4842592592592593 0.005729166666666666 0.14814814814814814
16 0.7252604166666666 0.6324074074074074 0.022395833333333334 0.03888888888888889
0 0.8854166666666666 0.43842592592592594 0.00625 0.05648148148148148
7 0.73515625 0.6143518518518518 0.022395833333333334 0.03796296296296296
19 0.746875 0.6328703703703704 0.021875 0.03796296296296296
4 0.7565104166666666 0.6148148148148148 0.022395833333333334 0.03888888888888889
19 0.7684895833333333 0.6328703703703704 0.022395833333333334 0.03796296296296296
10 0.7783854166666667 0.6143518518518518 0.022395833333333334 0.03796296296296296
2 0.78984375 0.6328703703703704 0.021354166666666667 0.03796296296296296
27 0.49895833333333334 0.5277777777777778 0.9375 0.3537037037037037
