0 0.43984375 0.6939814814814815 0.019270833333333334 0.41944444444444445
4 0.3575520833333333 0.7625 0.06510416666666667 0.10462962962962963
0 0.6708333333333333 0.5652777777777778 0.023958333333333335 0.15462962962962962
24 0.3921875 0.7152777777777778 0.06354166666666666 0.10648148148148148
6 0.421875 0.7620370370370371 0.06458333333333334 0.10555555555555556
3 0.45390625 0.7152777777777778 0.0609375 0.10648148148148148
7 0.48411458333333335 0.7638888888888888 0.0609375 0.10555555555555556
12 0.5135416666666667 0.7134259259259259 0.06041666666666667 0.10648148148148148
26 0.5434895833333333 0.7662037037037037 0.059895833333333336 0.10648148148148148
15 0.5744791666666667 0.711574074074074 0.0625 0.10462962962962963
27 0.4979166666666667 0.687962962962963 0.565625 0.6222222222222222
