0 0.9046875 0.43842592592592594 0.005208333333333333 0.14722222222222223
11 0.8309895833333333 0.5800925925925926 0.021354166666666667 0.03796296296296296
0 0.89609375 0.3921296296296296 0.0067708333333333336 0.05648148148148148
19 0.8424479166666666 0.5615740740740741 0.022395833333333334 0.03796296296296296
16 0.8520833333333333 0.5800925925925926 0.021875 0.03796296296296296
15 0.8640625 0.5606481481481481 0.021875 0.03796296296296296
16 0.8734375 0.5800925925925926 0.021875 0.03796296296296296
26 0.8859375 0.5606481481481481 0.021875 0.03796296296296296
25 0.8950520833333333 0.5800925925925926 0.022395833333333334 0.03796296296296296
11 0.9075520833333334 0.5606481481481481 0.022395833333333334 0.03796296296296296
27 0.49895833333333334 0.48657407407407405 0.9375 0.3527777777777778
