0 0.3265625 0.18796296296296297 0.019791666666666666 0.37592592592592594
8 0.29192708333333334 0.5851851851851851 0.06510416666666667 0.10555555555555556
0 0.440625 0.05462962962962963 0.020833333333333332 0.10925925925925926
13 0.32838541666666665 0.6398148148148148 0.0640625 0.10740740740740741
22 0.35651041666666666 0.5847222222222223 0.06510416666666667 0.10462962962962963
19 0.39166666666666666 0.6398148148148148 0.06354166666666666 0.10740740740740741
5 0.42109375 0.5847222222222223 0.06510416666666667 0.10462962962962963
24 0.45338541666666665 0.6393518518518518 0.0609375 0.10648148148148148
25 0.48333333333333334 0.5851851851851851 0.06145833333333333 0.10555555555555556
17 0.51328125 0.638425925925926 0.059895833333333336 0.10648148148148148
7 0.5432291666666667 0.5861111111111111 0.059375 0.10555555555555556
27 0.49973958333333335 0.42777777777777776 0.5692708333333333 0.8555555555555555
