0 0.8658854166666666 0.25324074074074077 0.005729166666666666 0.14722222222222223
16 0.30182291666666666 0.25046296296296294 0.022395833333333334 0.03796296296296296
0 0.9174479166666667 0.2050925925925926 0.0078125 0.05648148148148148
18 0.31197916666666664 0.23287037037037037 0.021875 0.03796296296296296
10 0.3234375 0.25046296296296294 0.021875 0.03796296296296296
2 0.33359375 0.23287037037037037 0.022395833333333334 0.03796296296296296
11 0.3450520833333333 0.25092592592592594 0.022395833333333334 0.03888888888888889
4 0.35520833333333335 0.2337962962962963 0.021875 0.03796296296296296
4 0.36666666666666664 0.25046296296296294 0.021875 0.03796296296296296
27 0.49895833333333334 0.2986111111111111 0.9375 0.35833333333333334
