0 0.6408854166666667 0.41388888888888886 0.021354166666666667 0.40925925925925927
21 0.44505208333333335 0.6527777777777778 0.0640625 0.10740740740740741
0 0.36015625 0.28194444444444444 0.0203125 0.1527777777777778
22 0.47604166666666664 0.7013888888888888 0.06458333333333334 0.10462962962962963
18 0.5075520833333333 0.6532407407407408 0.06302083333333333 0.10648148148148148
5 0.5390625 0.7018518518518518 0.0625 0.10555555555555556
18 0.56875 0.6523148148148148 0.06041666666666667 0.10648148148148148
22 0.5994791666666667 0.7037037037037037 0.059375 0.10555555555555556
8 0.6291666666666667 0.6509259259259259 0.06145833333333333 0.10555555555555556
9 0.6580729166666667 0.7055555555555556 0.059895833333333336 0.10740740740740741
27 0.49973958333333335 0.5347222222222222 0.5692708333333333 0.9287037037037037
