0 0.43984375 0.8199074074074074 0.019270833333333334 0.35833333333333334
18 0.32109375 0.7388888888888889 0.06302083333333333 0.10740740740740741
0 0.5557291666666667 0.7226851851851852 0.020833333333333332 0.15648148148148147
3 0.34921875 0.6819444444444445 0.06510416666666667 0.10462962962962963
10 0.38359375 0.7393518518518518 0.0640625 0.10648148148148148
17 0.41328125 0.6828703703703703 0.06510416666666667 0.10462962962962963
17 0.446875 0.7398148148148148 0.06354166666666666 0.10740740740740741
23 0.47760416666666666 0.6828703703703703 0.065625 0.10462962962962963
11 0.5091145833333334 0.7393518518518518 0.06197916666666667 0.10648148148148148
27 0.49973958333333335 0.7518518518518519 0.5692708333333333 0.49444444444444446
