0 0.8848958333333333 0.3837962962962963 0.00625 0.14722222222222223
11 0.78984375 0.41064814814814815 0.021354166666666667 0.03796296296296296
0 0.9177083333333333 0.3384259259259259 0.00625 0.05648148148148148
22 0.8013020833333333 0.3921296296296296 0.022395833333333334 0.03796296296296296
18 0.8111979166666666 0.41064814814814815 0.021354166666666667 0.03796296296296296
13 0.8231770833333333 0.3921296296296296 0.022395833333333334 0.03796296296296296
12 0.8325520833333333 0.4101851851851852 0.022395833333333334 0.03888888888888889
20 0.84453125 0.3921296296296296 0.022395833333333334 0.03796296296296296
15 0.8541666666666666 0.4097222222222222 0.021875 0.03796296296296296
27 0.49895833333333334 0.4310185185185185 0.9375 0.3527777777777778
