0 0.5265625 0.13657407407407407 0.01875 0.27314814814814814
18 0.44505208333333335 0.12129629629629629 0.0640625 0.10740740740740741
23 0.47578125 0.07824074074074074 0.06510416666666667 0.10462962962962963
12 0.5075520833333333 0.12175925925925926 0.06302083333333333 0.10648148148148148
15 0.5390625 0.07731481481481481 0.0625 0.10462962962962963
21 0.56875 0.12361111111111112 0.06041666666666667 0.10648148148148148
4 0.5994791666666667 0.07361111111111111 0.059375 0.10648148148148148
17 0.6291666666666667 0.12777777777777777 0.06145833333333333 0.10555555555555556
12 0.6578125 0.06944444444444445 0.059375 0.10740740740740741
27 0.49973958333333335 0.36666666666666664 0.5692708333333333 0.7333333333333333
