0 0.3580729166666667 0.6671296296296296 0.021354166666666667 0.4101851851851852
20 0.4859375 0.9532407407407407 0.06041666666666667 0.09166666666666666
0 0.3859375 0.5453703703703704 0.020833333333333332 0.1574074074074074
17 0.515625 0.9055555555555556 0.06041666666666667 0.10555555555555556
21 0.5458333333333333 0.9550925925925926 0.06145833333333333 0.08796296296296297
1 0.5778645833333333 0.9032407407407408 0.06510416666666667 0.10462962962962963
25 0.6075520833333333 0.9555555555555556 0.0640625 0.08703703703703704
12 0.6424479166666667 0.9032407407407408 0.06510416666666667 0.10462962962962963
1 0.6705729166666666 0.9555555555555556 0.0640625 0.08703703703703704
27 0.49973958333333335 0.6708333333333333 0.5692708333333333 0.6564814814814814
