0 0.8565104166666667 0.4324074074074074 0.005729166666666666 0.14814814814814814
12 0.3072916666666667 0.5273148148148148 0.021875 0.03796296296296296
16 0.20963541666666666 0.5083333333333333 0.021354166666666667 0.03888888888888889
0 0.89609375 0.3851851851851852 0.0067708333333333336 0.05555555555555555
19 0.22057291666666667 0.5273148148148148 0.022395833333333334 0.03796296296296296
24 0.23098958333333333 0.5087962962962963 0.022395833333333334 0.03796296296296296
25 0.24244791666666668 0.5268518518518519 0.022395833333333334 0.03888888888888889
7 0.25234375 0.5083333333333333 0.022395833333333334 0.03888888888888889
9 0.2640625 0.5273148148148148 0.021875 0.03796296296296296
8 0.27395833333333336 0.5078703703703704 0.021875 0.03796296296296296
26 0.28567708333333336 0.5268518518518519 0.022395833333333334 0.03888888888888889
17 0.2955729166666667 0.5087962962962963 0.022395833333333334 0.03796296296296296
27 0.49895833333333334 0.475462962962963 0.9375 0.3527777777777778
