0 0.8958333333333334 0.25462962962962965 0.00625 0.14814814814814814
19 0.8296875 0.3458333333333333 0.021875 0.03796296296296296
0 0.9375 0.20694444444444443 0.00625 0.05648148148148148
7 0.8393229166666667 0.3263888888888889 0.022395833333333334 0.03796296296296296
23 0.85078125 0.3458333333333333 0.021354166666666667 0.03796296296296296
7 0.8614583333333333 0.3263888888888889 0.022916666666666665 0.03796296296296296
18 0.8716145833333333 0.3453703703703704 0.021354166666666667 0.03888888888888889
6 0.88359375 0.32731481481481484 0.022395833333333334 0.03796296296296296
19 0.8927083333333333 0.3449074074074074 0.021875 0.03796296296296296
1 0.9052083333333333 0.32731481481481484 0.021875 0.03796296296296296
27 0.49895833333333334 0.30277777777777776 0.9375 0.3574074074074074
