0 0.9174479166666667 0.7351851851851852 0.005729166666666666 0.14814814814814814
16 0.25833333333333336 0.8050925925925926 0.021875 0.03796296296296296
0 0.8854166666666666 0.6888888888888889 0.00625 0.05555555555555555
4 0.26979166666666665 0.7870370370370371 0.021875 0.03888888888888889
22 0.28020833333333334 0.8050925925925926 0.022916666666666665 0.03796296296296296
22 0.2911458333333333 0.7865740740740741 0.021875 0.03796296296296296
7 0.30234375 0.8060185185185185 0.022395833333333334 0.03796296296296296
19 0.3125 0.7865740740740741 0.021875 0.03796296296296296
19 0.32395833333333335 0.8060185185185185 0.021875 0.03796296296296296
27 0.49895833333333334 0.7712962962962963 0.9375 0.37407407407407406
