0 0.8893229166666666 0.3384259259259259 0.016145833333333335 0.14907407407407408
25 0.7223958333333333 0.39490740740740743 0.021875 0.03796296296296296
0 0.8791666666666667 0.3 0.014583333333333334 0.05925925925925926
2 0.7322916666666667 0.4134259259259259 0.021875 0.03796296296296296
14 0.7440104166666667 0.39490740740740743 0.022395833333333334 0.03796296296296296
10 0.7536458333333333 0.4134259259259259 0.021875 0.03796296296296296
10 0.765625 0.39490740740740743 0.021875 0.03796296296296296
19 0.7752604166666667 0.4134259259259259 0.022395833333333334 0.03796296296296296
22 0.7872395833333333 0.39490740740740743 0.022395833333333334 0.03796296296296296
10 0.796875 0.4134259259259259 0.021875 0.03796296296296296
26 0.80859375 0.39537037037037037 0.021354166666666667 0.03888888888888889
27 0.49895833333333334 0.3861111111111111 0.9375 0.3537037037037037
