0 0.3848958333333333 0.40046296296296297 0.019791666666666666 0.41944444444444445
15 0.4244791666666667 0.7384259259259259 0.0625 0.10462962962962963
0 0.26796875 0.2740740740740741 0.0203125 0.1574074074074074
7 0.4557291666666667 0.7939814814814815 0.059375 0.10648148148148148
16 0.48541666666666666 0.7407407407407407 0.06041666666666667 0.10555555555555556
24 0.5151041666666667 0.7916666666666666 0.06041666666666667 0.10555555555555556
14 0.5453125 0.7425925925925926 0.06041666666666667 0.10740740740740741
15 0.5770833333333333 0.7893518518518519 0.06458333333333334 0.10462962962962963
4 0.6067708333333334 0.7430555555555556 0.06354166666666666 0.10648148148148148
14 0.64140625 0.7893518518518519 0.06510416666666667 0.10462962962962963
21 0.66953125 0.7430555555555556 0.0640625 0.10648148148148148
27 0.49973958333333335 0.5300925925925926 0.5692708333333333 0.937962962962963
