7 0.8411458333333334 0.36944444444444446 0.020833333333333332 0.037037037037037035
20 0.83125 0.387037037037037 0.021875 0.037037037037037035
6 0.8205729166666667 0.36898148148148147 0.021354166666666667 0.03611111111111111
6 0.8098958333333334 0.387037037037037 0.021875 0.037037037037037035
8 0.7997395833333333 0.36944444444444446 0.021354166666666667 0.037037037037037035
5 0.7888020833333333 0.38657407407407407 0.021354166666666667 0.03611111111111111
24 0.77890625 0.36944444444444446 0.021354166666666667 0.037037037037037035
1 0.76796875 0.38657407407407407 0.021354166666666667 0.03796296296296296
26 0.7580729166666667 0.36898148148148147 0.021354166666666667 0.03611111111111111
27 0.5005208333333333 0.42268518518518516 0.90625 0.3416666666666667
