3 0.6065104166666667 0.4185185185185185 0.021354166666666667 0.037037037037037035
2 0.59609375 0.43703703703703706 0.021354166666666667 0.037037037037037035
9 0.5856770833333333 0.4185185185185185 0.021354166666666667 0.037037037037037035
11 0.5752604166666667 0.4361111111111111 0.021354166666666667 0.037037037037037035
5 0.5643229166666667 0.4185185185185185 0.021354166666666667 0.037037037037037035
15 0.5541666666666667 0.43657407407407406 0.021875 0.03611111111111111
25 0.54375 0.4185185185185185 0.021875 0.037037037037037035
16 0.5330729166666667 0.4361111111111111 0.021354166666666667 0.037037037037037035
8 0.52265625 0.4185185185185185 0.021354166666666667 0.037037037037037035
27 0.5005208333333333 0.4027777777777778 0.90625 0.34074074074074073
