0 0.303125 0.20462962962962963 0.01875 0.40925925925925927
22 0.37265625 0.37777777777777777 0.0609375 0.10555555555555556
0 0.32760416666666664 0.06805555555555555 0.019791666666666666 0.1361111111111111
14 0.40182291666666664 0.3263888888888889 0.0609375 0.10462962962962963
8 0.43385416666666665 0.3763888888888889 0.0625 0.10648148148148148
10 0.46380208333333334 0.32731481481481484 0.06510416666666667 0.10462962962962963
16 0.49583333333333335 0.3763888888888889 0.06354166666666666 0.10648148148148148
13 0.5283854166666667 0.32731481481481484 0.06510416666666667 0.10462962962962963
21 0.5591145833333333 0.37592592592592594 0.0640625 0.10740740740740741
27 0.4979166666666667 0.4398148148148148 0.565625 0.8796296296296297
