0 0.9255208333333333 0.2916666666666667 0.00625 0.14814814814814814
4 0.22317708333333333 0.24074074074074073 0.022395833333333334 0.03888888888888889
0 0.8854166666666666 0.21574074074074073 0.00625 0.05555555555555555
2 0.2328125 0.26064814814814813 0.021875 0.03796296296296296
22 0.24479166666666666 0.24027777777777778 0.021875 0.03796296296296296
9 0.25442708333333336 0.25972222222222224 0.022395833333333334 0.03796296296296296
1 0.26614583333333336 0.24027777777777778 0.021875 0.03796296296296296
12 0.27578125 0.2601851851851852 0.022395833333333334 0.03888888888888889
23 0.2877604166666667 0.24074074074074073 0.022395833333333334 0.03888888888888889
17 0.29765625 0.2601851851851852 0.022395833333333334 0.03888888888888889
5 0.30885416666666665 0.24074074074074073 0.021875 0.03888888888888889
27 0.49895833333333334 0.3074074074074074 0.9375 0.35555555555555557
