8 0.23671875 0.40185185185185185 0.021354166666666667 0.037037037037037035
7 0.33098958333333334 0.3837962962962963 0.021354166666666667 0.03611111111111111
22 0.32005208333333335 0.40185185185185185 0.021354166666666667 0.037037037037037035
21 0.31015625 0.38333333333333336 0.021354166666666667 0.037037037037037035
4 0.2989583333333333 0.40185185185185185 0.021875 0.037037037037037035
3 0.2890625 0.3837962962962963 0.021875 0.03611111111111111
13 0.278125 0.40185185185185185 0.020833333333333332 0.037037037037037035
14 0.2677083333333333 0.3837962962962963 0.021875 0.03611111111111111
26 0.25755208333333335 0.40185185185185185 0.021354166666666667 0.037037037037037035
12 0.246875 0.38425925925925924 0.021875 0.037037037037037035
27 0.5005208333333333 0.37222222222222223 0.90625 0.34074074074074073
