25 0.5377604166666666 0.9333333333333333 0.021354166666666667 0.037037037037037035
11 0.6317708333333333 0.9166666666666666 0.021875 0.037037037037037035
14 0.6216145833333333 0.9333333333333333 0.021354166666666667 0.037037037037037035
23 0.6106770833333334 0.9166666666666666 0.021354166666666667 0.037037037037037035
18 0.60078125 0.9333333333333333 0.021354166666666667 0.037037037037037035
14 0.58984375 0.9166666666666666 0.021354166666666667 0.037037037037037035
23 0.5796875 0.9333333333333333 0.021875 0.037037037037037035
1 0.5692708333333333 0.9166666666666666 0.021875 0.037037037037037035
2 0.5588541666666667 0.9333333333333333 0.021875 0.037037037037037035
25 0.5481770833333334 0.9166666666666666 0.021354166666666667 0.037037037037037035
27 0.5005208333333333 0.8694444444444445 0.90625 0.25925925925925924
