0 0.3265625 0.2513888888888889 0.019791666666666666 0.41944444444444445
12 0.4942708333333333 0.30925925925925923 0.06354166666666666 0.10740740740740741
0 0.26796875 0.1259259259259259 0.0203125 0.1574074074074074
8 0.5263020833333333 0.36527777777777776 0.06510416666666667 0.10462962962962963
5 0.5572916666666666 0.30972222222222223 0.06354166666666666 0.10648148148148148
21 0.5908854166666667 0.36527777777777776 0.06510416666666667 0.10462962962962963
8 0.6203125 0.30972222222222223 0.06354166666666666 0.10648148148148148
2 0.6536458333333334 0.36527777777777776 0.06145833333333333 0.10462962962962963
23 0.68203125 0.3106481481481482 0.06197916666666667 0.10648148148148148
27 0.49973958333333335 0.475462962962963 0.5692708333333333 0.950925925925926
