0 0.359375 0.2935185185185185 0.01875 0.40925925925925927
2 0.37578125 0.3912037037037037 0.06197916666666667 0.10648148148148148
0 0.4734375 0.1685185185185185 0.01875 0.1537037037037037
9 0.4046875 0.3416666666666667 0.06458333333333334 0.10555555555555556
25 0.43802083333333336 0.3907407407407407 0.06354166666666666 0.10740740740740741
26 0.46901041666666665 0.3416666666666667 0.06510416666666667 0.1037037037037037
6 0.5010416666666667 0.3907407407407407 0.06354166666666666 0.10740740740740741
3 0.53359375 0.3416666666666667 0.06510416666666667 0.10555555555555556
10 0.5638020833333334 0.3907407407407407 0.06302083333333333 0.10740740740740741
4 0.5966145833333333 0.34120370370370373 0.06197916666666667 0.10462962962962963
27 0.49973958333333335 0.4925925925925926 0.5692708333333333 0.9851851851851852
