0 0.8658854166666666 0.225 0.005729166666666666 0.14814814814814814
12 0.20911458333333333 0.2657407407407407 0.021354166666666667 0.03888888888888889
0 0.8770833333333333 0.17916666666666667 0.00625 0.05648148148148148
5 0.22005208333333334 0.2847222222222222 0.022395833333333334 0.03796296296296296
16 0.23020833333333332 0.2657407407407407 0.021875 0.03888888888888889
1 0.24192708333333332 0.28379629629629627 0.022395833333333334 0.03796296296296296
4 0.2518229166666667 0.2662037037037037 0.022395833333333334 0.03796296296296296
22 0.2635416666666667 0.28379629629629627 0.021875 0.03796296296296296
16 0.2734375 0.2662037037037037 0.021875 0.03796296296296296
22 0.28515625 0.28379629629629627 0.022395833333333334 0.03796296296296296
13 0.2950520833333333 0.2662037037037037 0.022395833333333334 0.03796296296296296
27 0.49895833333333334 0.2763888888888889 0.9375 0.3638888888888889
