0 0.36041666666666666 0.46574074074074073 0.020833333333333332 0.40925925925925927
5 0.3216145833333333 0.375 0.0640625 0.10740740740740741
0 0.5276041666666667 0.34074074074074073 0.019791666666666666 0.1537037037037037
3 0.3502604166666667 0.32685185185185184 0.0671875 0.10555555555555556
22 0.3848958333333333 0.3768518518518518 0.06354166666666666 0.1037037037037037
22 0.41458333333333336 0.32685185185185184 0.06354166666666666 0.10555555555555556
3 0.4471354166666667 0.37546296296296294 0.06302083333333333 0.10648148148148148
4 0.4778645833333333 0.3263888888888889 0.06510416666666667 0.10462962962962963
13 0.5091145833333334 0.375 0.06197916666666667 0.10740740740740741
2 0.5401041666666667 0.32546296296296295 0.06145833333333333 0.10462962962962963
27 0.49973958333333335 0.5675925925925925 0.5692708333333333 0.8629629629629629
