18 0.7963541666666667 0.324537037037037 0.021875 0.03611111111111111
25 0.78515625 0.3416666666666667 0.021354166666666667 0.037037037037037035
11 0.7752604166666667 0.324537037037037 0.021354166666666667 0.03611111111111111
18 0.7643229166666666 0.3421296296296296 0.021354166666666667 0.03611111111111111
25 0.7544270833333333 0.324537037037037 0.021354166666666667 0.03611111111111111
20 0.7434895833333334 0.3416666666666667 0.021354166666666667 0.037037037037037035
10 0.73359375 0.324537037037037 0.021354166666666667 0.03611111111111111
5 0.72265625 0.3416666666666667 0.021354166666666667 0.037037037037037035
16 0.7125 0.32407407407407407 0.021875 0.037037037037037035
27 0.5005208333333333 0.40879629629629627 0.90625 0.3398148148148148
