14 0.7515625 0.9018518518518519 0.021875 0.037037037037037035
12 0.8450520833333334 0.8842592592592593 0.021354166666666667 0.037037037037037035
20 0.8356770833333333 0.9018518518518519 0.021354166666666667 0.037037037037037035
18 0.8244791666666667 0.8847222222222222 0.021875 0.03611111111111111
25 0.81484375 0.9013888888888889 0.021354166666666667 0.03611111111111111
5 0.8033854166666666 0.8842592592592593 0.021354166666666667 0.037037037037037035
11 0.79375 0.9013888888888889 0.021875 0.03611111111111111
11 0.7825520833333334 0.8842592592592593 0.021354166666666667 0.037037037037037035
22 0.7729166666666667 0.9013888888888889 0.021875 0.03611111111111111
7 0.7619791666666667 0.8842592592592593 0.020833333333333332 0.037037037037037035
27 0.5005208333333333 0.8527777777777777 0.90625 0.29259259259259257
