0 0.49973958333333335 0.42777777777777776 0.019270833333333334 0.4185185185185185
17 0.31484375 0.8208333333333333 0.06197916666666667 0.10648148148148148
0 0.32760416666666664 0.2962962962962963 0.020833333333333332 0.1574074074074074
3 0.34375 0.7675925925925926 0.059375 0.10555555555555556
16 0.37578125 0.8240740740740741 0.06197916666666667 0.10740740740740741
16 0.4049479166666667 0.7652777777777777 0.06510416666666667 0.10462962962962963
18 0.43828125 0.8245370370370371 0.0640625 0.10648148148148148
12 0.46901041666666665 0.7652777777777777 0.06510416666666667 0.10462962962962963
1 0.5010416666666667 0.8245370370370371 0.06354166666666666 0.10648148148148148
27 0.49973958333333335 0.5439814814814815 0.5692708333333333 0.9101851851851852
