0 0.9174479166666667 0.6037037037037037 0.005729166666666666 0.14814814814814814
14 0.7200520833333334 0.5425925925925926 0.022395833333333334 0.03888888888888889
0 0.9049479166666666 0.5601851851851852 0.005729166666666666 0.05555555555555555
25 0.7302083333333333 0.5611111111111111 0.021875 0.03888888888888889
18 0.7416666666666667 0.5421296296296296 0.021875 0.03796296296296296
14 0.7515625 0.5606481481481481 0.021875 0.03796296296296296
3 0.76328125 0.5421296296296296 0.022395833333333334 0.03796296296296296
10 0.7729166666666667 0.5611111111111111 0.021875 0.03888888888888889
9 0.7848958333333333 0.5421296296296296 0.021875 0.03796296296296296
19 0.7942708333333334 0.5615740740740741 0.021875 0.03796296296296296
22 0.8065104166666667 0.5421296296296296 0.022395833333333334 0.03796296296296296
27 0.49895833333333334 0.6532407407407408 0.9375 0.3509259259259259
