13 0.50078125 0.7472222222222222 0.021354166666666667 0.037037037037037035
17 0.5950520833333334 0.7296296296296296 0.021354166666666667 0.037037037037037035
4 0.5841145833333333 0.7476851851851852 0.021354166666666667 0.03611111111111111
21 0.5739583333333333 0.7296296296296296 0.021875 0.037037037037037035
9 0.5635416666666667 0.7472222222222222 0.021875 0.037037037037037035
4 0.553125 0.7300925925925926 0.021875 0.03611111111111111
18 0.5424479166666667 0.7472222222222222 0.021354166666666667 0.037037037037037035
11 0.5322916666666667 0.7300925925925926 0.021875 0.03611111111111111
14 0.5216145833333333 0.7472222222222222 0.021354166666666667 0.037037037037037035
5 0.5111979166666667 0.7300925925925926 0.021354166666666667 0.03611111111111111
27 0.5005208333333333 0.7013888888888888 0.90625 0.3453703703703704
