0 0.8565104166666667 0.11481481481481481 0.005729166666666666 0.14814814814814814
1 0.8674479166666667 0.2310185185185185 0.022395833333333334 0.03796296296296296
0 0.86640625 0.06898148148148148 0.005729166666666666 0.05648148148148148
4 0.8765625 0.24861111111111112 0.021875 0.03796296296296296
14 0.8890625 0.2310185185185185 0.021875 0.03796296296296296
15 0.8981770833333333 0.24861111111111112 0.022395833333333334 0.03796296296296296
26 0.9106770833333333 0.2310185185185185 0.022395833333333334 0.03796296296296296
24 0.91953125 0.24861111111111112 0.022395833333333334 0.03796296296296296
15 0.9322916666666666 0.2310185185185185 0.021875 0.03796296296296296
27 0.49895833333333334 0.18333333333333332 0.9375 0.36666666666666664
