13 0.34401041666666665 0.24583333333333332 0.021354166666666667 0.03611111111111111
10 0.3338541666666667 0.26296296296296295 0.021875 0.037037037037037035
10 0.32317708333333334 0.24537037037037038 0.021354166666666667 0.037037037037037035
23 0.31302083333333336 0.26296296296296295 0.021875 0.037037037037037035
9 0.30182291666666666 0.24583333333333332 0.021354166666666667 0.03611111111111111
16 0.29192708333333334 0.26296296296296295 0.021354166666666667 0.037037037037037035
2 0.28098958333333335 0.24583333333333332 0.021354166666666667 0.03796296296296296
21 0.27109375 0.26296296296296295 0.021354166666666667 0.037037037037037035
13 0.26015625 0.24583333333333332 0.021354166666666667 0.03611111111111111
27 0.5005208333333333 0.3055555555555556 0.90625 0.34444444444444444
