0 0.8565104166666667 0.14166666666666666 0.005729166666666666 0.14814814814814814
17 0.6252604166666667 0.15324074074074073 0.022395833333333334 0.03796296296296296
17 0.5278645833333333 0.13333333333333333 0.022395833333333334 0.03888888888888889
0 0.89609375 0.09305555555555556 0.0067708333333333336 0.05648148148148148
19 0.5388020833333333 0.15324074074074073 0.022395833333333334 0.03796296296296296
19 0.5494791666666666 0.13287037037037036 0.021875 0.03796296296296296
15 0.5604166666666667 0.15324074074074073 0.021875 0.03796296296296296
17 0.5708333333333333 0.13287037037037036 0.021875 0.03796296296296296
25 0.58203125 0.15324074074074073 0.022395833333333334 0.03796296296296296
25 0.5924479166666666 0.13287037037037036 0.022395833333333334 0.03796296296296296
13 0.6036458333333333 0.15324074074074073 0.021875 0.03796296296296296
15 0.6140625 0.13287037037037036 0.021875 0.03796296296296296
27 0.49895833333333334 0.19768518518518519 0.9375 0.38055555555555554
