0 0.5549479166666667 0.18888888888888888 0.019270833333333334 0.37777777777777777
3 0.4578125 0.15462962962962962 0.06041666666666667 0.10555555555555556
0 0.5278645833333333 0.06342592592592593 0.021354166666666667 0.12685185185185185
26 0.48880208333333336 0.20277777777777778 0.0609375 0.10740740740740741
11 0.5197916666666667 0.15694444444444444 0.06458333333333334 0.10462962962962963
9 0.5505208333333333 0.2023148148148148 0.06354166666666666 0.10648148148148148
24 0.5841145833333333 0.15694444444444444 0.06510416666666667 0.10462962962962963
14 0.6135416666666667 0.20185185185185187 0.06354166666666666 0.10740740740740741
11 0.6484375 0.15694444444444444 0.06458333333333334 0.10462962962962963
24 0.6763020833333333 0.2023148148148148 0.06302083333333333 0.10648148148148148
27 0.49973958333333335 0.4324074074074074 0.5692708333333333 0.8648148148148148
