0 0.47239583333333335 0.687962962962963 0.019791666666666666 0.40925925925925927
16 0.4390625 0.6444444444444445 0.06354166666666666 0.10740740740740741
0 0.6953125 0.562962962962963 0.019791666666666666 0.1537037037037037
5 0.4700520833333333 0.5893518518518519 0.06510416666666667 0.10462962962962963
20 0.5020833333333333 0.6444444444444445 0.06354166666666666 0.10740740740740741
22 0.5341145833333333 0.5893518518518519 0.06510416666666667 0.10462962962962963
22 0.56484375 0.6444444444444445 0.06302083333333333 0.10740740740740741
24 0.596875 0.5902777777777778 0.06145833333333333 0.10462962962962963
21 0.62578125 0.6435185185185185 0.0609375 0.10555555555555556
27 0.49973958333333335 0.6810185185185185 0.5692708333333333 0.6361111111111111
