0 0.6942708333333333 0.31527777777777777 0.017708333333333333 0.4101851851851852
25 0.31588541666666664 0.2662037037037037 0.06197916666666667 0.10833333333333334
0 0.41770833333333335 0.19953703703703704 0.017708333333333333 0.15462962962962962
8 0.34453125 0.2152777777777778 0.059895833333333336 0.10648148148148148
17 0.37734375 0.26296296296296295 0.06302083333333333 0.10740740740740741
8 0.40651041666666665 0.21712962962962962 0.06510416666666667 0.10462962962962963
6 0.4401041666666667 0.26296296296296295 0.06354166666666666 0.10740740740740741
6 0.4705729166666667 0.21712962962962962 0.06510416666666667 0.10462962962962963
2 0.5028645833333333 0.26342592592592595 0.0640625 0.10648148148148148
27 0.49973958333333335 0.49953703703703706 0.5692708333333333 0.9990740740740741
