26 0.21953125 0.6731481481481482 0.021354166666666667 0.037037037037037035
20 0.20989583333333334 0.6912037037037037 0.021875 0.03611111111111111
24 0.19895833333333332 0.6731481481481482 0.020833333333333332 0.037037037037037035
20 0.18854166666666666 0.6907407407407408 0.021875 0.037037037037037035
6 0.17838541666666666 0.6731481481481482 0.021354166666666667 0.037037037037037035
16 0.1671875 0.6907407407407408 0.021875 0.037037037037037035
17 0.15755208333333334 0.6736111111111112 0.021354166666666667 0.03611111111111111
9 0.14635416666666667 0.6907407407407408 0.021875 0.037037037037037035
6 0.13671875 0.6731481481481482 0.021354166666666667 0.037037037037037035
27 0.5005208333333333 0.6583333333333333 0.90625 0.34074074074074073
