0 0.9046875 0.4212962962962963 0.005208333333333333 0.14814814814814814
23 0.175 0.41712962962962963 0.021875 0.03796296296296296
14 0.07942708333333333 0.39861111111111114 0.022395833333333334 0.03796296296296296
0 0.8567708333333334 0.37916666666666665 0.00625 0.05648148148148148
22 0.08880208333333334 0.41712962962962963 0.022395833333333334 0.03796296296296296
21 0.10130208333333333 0.39861111111111114 0.022395833333333334 0.03796296296296296
12 0.11015625 0.41712962962962963 0.022395833333333334 0.03796296296296296
10 0.12265625 0.39861111111111114 0.022395833333333334 0.03796296296296296
21 0.13203125 0.41712962962962963 0.022395833333333334 0.03796296296296296
12 0.14427083333333332 0.39814814814814814 0.021875 0.03888888888888889
2 0.15364583333333334 0.41712962962962963 0.021875 0.03796296296296296
24 0.16588541666666667 0.39814814814814814 0.022395833333333334 0.03888888888888889
27 0.49895833333333334 0.4699074074074074 0.9375 0.3527777777777778
