0 0.8765625 0.24722222222222223 0.00625 0.14814814814814814
2 0.06614583333333333 0.34953703703703703 0.021875 0.03796296296296296
0 0.8854166666666666 0.20092592592592592 0.00625 0.05555555555555555
25 0.07578125 0.3680555555555556 0.022395833333333334 0.03796296296296296
3 0.08723958333333333 0.34953703703703703 0.021354166666666667 0.03796296296296296
13 0.09791666666666667 0.3680555555555556 0.022916666666666665 0.03796296296296296
16 0.10807291666666667 0.35 0.021354166666666667 0.03888888888888889
20 0.12005208333333334 0.3680555555555556 0.022395833333333334 0.03796296296296296
2 0.12942708333333333 0.35 0.022395833333333334 0.03888888888888889
20 0.14166666666666666 0.3680555555555556 0.021875 0.03796296296296296
16 0.15104166666666666 0.35 0.021875 0.03888888888888889
27 0.49895833333333334 0.2935185185185185 0.9375 0.3592592592592593
