0 0.3263020833333333 0.14675925925925926 0.0203125 0.2935185185185185
4 0.4359375 0.044444444444444446 0.06354166666666666 0.08888888888888889
0 0.5276041666666667 0.020833333333333332 0.020833333333333332 0.041666666666666664
18 0.4671875 0.023148148148148147 0.040625 0.046296296296296294
6 0.4986979166666667 0.044444444444444446 0.0640625 0.08888888888888889
24 0.5302083333333333 0.023148148148148147 0.03958333333333333 0.046296296296296294
3 0.56171875 0.044444444444444446 0.0640625 0.08888888888888889
11 0.5921875 0.023148148148148147 0.04479166666666667 0.046296296296296294
24 0.6234375 0.04490740740740741 0.06145833333333333 0.08981481481481482
27 0.49973958333333335 0.38425925925925924 0.5692708333333333 0.7685185185185185
