26 0.825 0.14814814814814814 0.021875 0.037037037037037035
25 0.9197916666666667 0.13055555555555556 0.020833333333333332 0.037037037037037035
17 0.9088541666666666 0.14814814814814814 0.021875 0.037037037037037035
17 0.89921875 0.1310185185185185 0.021354166666666667 0.03611111111111111
17 0.8875 0.14814814814814814 0.021875 0.037037037037037035
23 0.878125 0.1310185185185185 0.021875 0.03611111111111111
7 0.8669270833333333 0.14814814814814814 0.021354166666666667 0.037037037037037035
26 0.85703125 0.13055555555555556 0.021354166666666667 0.037037037037037035
21 0.8458333333333333 0.14814814814814814 0.021875 0.037037037037037035
1 0.8361979166666667 0.13148148148148148 0.021354166666666667 0.037037037037037035
27 0.5005208333333333 0.15601851851851853 0.90625 0.31203703703703706
