0 0.3848958333333333 0.5259259259259259 0.019791666666666666 0.4185185185185185
4 0.4231770833333333 0.43425925925925923 0.0640625 0.1037037037037037
0 0.36015625 0.39351851851851855 0.0203125 0.1537037037037037
6 0.4549479166666667 0.3800925925925926 0.059895833333333336 0.10648148148148148
12 0.48489583333333336 0.4337962962962963 0.06041666666666667 0.10462962962962963
24 0.5145833333333333 0.3814814814814815 0.06041666666666667 0.10555555555555556
12 0.5440104166666667 0.43333333333333335 0.059895833333333336 0.10555555555555556
24 0.57578125 0.3824074074074074 0.0640625 0.10555555555555556
14 0.6052083333333333 0.43287037037037035 0.06354166666666666 0.10648148148148148
22 0.6395833333333333 0.38287037037037036 0.065625 0.10462962962962963
27 0.49973958333333335 0.5944444444444444 0.5692708333333333 0.8092592592592592
