0 0.88515625 0.4550925925925926 0.005729166666666666 0.14722222222222223
2 0.8684895833333334 0.5435185185185185 0.022395833333333334 0.03888888888888889
0 0.89609375 0.4111111111111111 0.0067708333333333336 0.05555555555555555
26 0.8776041666666666 0.525 0.021875 0.03888888888888889
9 0.88984375 0.5430555555555555 0.022395833333333334 0.03796296296296296
7 0.8989583333333333 0.5254629629629629 0.021875 0.03796296296296296
23 0.9114583333333334 0.5435185185185185 0.021875 0.037037037037037035
19 0.9208333333333333 0.5254629629629629 0.022916666666666665 0.03796296296296296
10 0.9328125 0.5435185185185185 0.021875 0.03888888888888889
27 0.49895833333333334 0.5032407407407408 0.9375 0.3527777777777778
