1 0.5989583333333334 0.4842592592592593 0.021875 0.037037037037037035
22 0.6927083333333334 0.4666666666666667 0.021875 0.037037037037037035
10 0.6825520833333333 0.4847222222222222 0.021354166666666667 0.03611111111111111
3 0.671875 0.4671296296296296 0.021875 0.03611111111111111
6 0.66171875 0.4847222222222222 0.021354166666666667 0.03611111111111111
19 0.65078125 0.4666666666666667 0.021354166666666667 0.037037037037037035
6 0.6408854166666667 0.4847222222222222 0.021354166666666667 0.03611111111111111
5 0.6299479166666667 0.4666666666666667 0.021354166666666667 0.037037037037037035
20 0.6197916666666666 0.4847222222222222 0.021875 0.03611111111111111
3 0.6091145833333333 0.4666666666666667 0.021354166666666667 0.037037037037037035
27 0.5005208333333333 0.5106481481481482 0.90625 0.3416666666666667
