8 0.68125 0.34814814814814815 0.021875 0.037037037037037035
3 0.77578125 0.3300925925925926 0.021354166666666667 0.03611111111111111
9 0.7643229166666666 0.3472222222222222 0.021354166666666667 0.037037037037037035
5 0.7544270833333333 0.3300925925925926 0.021354166666666667 0.03611111111111111
25 0.7434895833333334 0.34814814814814815 0.021354166666666667 0.037037037037037035
6 0.73359375 0.3300925925925926 0.021354166666666667 0.03611111111111111
18 0.72265625 0.3476851851851852 0.021354166666666667 0.03611111111111111
5 0.7125 0.3296296296296296 0.021875 0.037037037037037035
13 0.7020833333333333 0.3476851851851852 0.020833333333333332 0.03611111111111111
8 0.69140625 0.3296296296296296 0.021354166666666667 0.037037037037037035
27 0.5005208333333333 0.38981481481481484 0.90625 0.34074074074074073
