0 0.92578125 0.6111111111111112 0.005729166666666666 0.14814814814814814
9 0.3494791666666667 0.6370370370370371 0.021875 0.037037037037037035
0 0.8958333333333334 0.538425925925926 0.00625 0.05648148148148148
10 0.359375 0.6185185185185185 0.021875 0.03888888888888889
23 0.37083333333333335 0.6375 0.021875 0.03796296296296296
12 0.3809895833333333 0.6180555555555556 0.022395833333333334 0.03796296296296296
20 0.3921875 0.6370370370370371 0.021875 0.03888888888888889
21 0.40286458333333336 0.6185185185185185 0.022395833333333334 0.03888888888888889
15 0.41328125 0.6365740740740741 0.022395833333333334 0.03796296296296296
26 0.4244791666666667 0.6185185185185185 0.021875 0.03888888888888889
27 0.49895833333333334 0.6314814814814815 0.9375 0.3537037037037037
