0 0.9174479166666667 0.3194444444444444 0.005729166666666666 0.14814814814814814
13 0.384375 0.28194444444444444 0.021875 0.03796296296296296
0 0.86640625 0.27037037037037037 0.0078125 0.05555555555555555
25 0.39479166666666665 0.26435185185185184 0.021875 0.03796296296296296
11 0.40572916666666664 0.28194444444444444 0.021875 0.03796296296296296
20 0.4161458333333333 0.26435185185185184 0.021875 0.03796296296296296
1 0.42734375 0.2814814814814815 0.022395833333333334 0.03888888888888889
17 0.43776041666666665 0.26435185185185184 0.022395833333333334 0.03796296296296296
10 0.44869791666666664 0.2814814814814815 0.022395833333333334 0.03888888888888889
26 0.4596354166666667 0.26435185185185184 0.022395833333333334 0.03796296296296296
27 0.49895833333333334 0.3625 0.9375 0.3527777777777778
