0 0.9044270833333333 0.5069444444444444 0.005729166666666666 0.14722222222222223
11 0.13619791666666667 0.43287037037037035 0.022395833333333334 0.03796296296296296
0 0.8567708333333334 0.45787037037037037 0.005208333333333333 0.05648148148148148
3 0.14791666666666667 0.4513888888888889 0.021875 0.03796296296296296
9 0.15807291666666667 0.43287037037037035 0.022395833333333334 0.03796296296296296
13 0.16901041666666666 0.4513888888888889 0.021354166666666667 0.03796296296296296
19 0.18020833333333333 0.43287037037037035 0.022916666666666665 0.03796296296296296
4 0.19010416666666666 0.4513888888888889 0.021875 0.03796296296296296
15 0.20208333333333334 0.43287037037037035 0.021875 0.03796296296296296
15 0.21171875 0.45185185185185184 0.022395833333333334 0.03888888888888889
8 0.2234375 0.43287037037037035 0.021875 0.03796296296296296
27 0.49895833333333334 0.5513888888888889 0.9375 0.3527777777777778
