1 0.3033854166666667 0.3560185185185185 0.021354166666666667 0.03611111111111111
24 0.29348958333333336 0.3731481481481482 0.021354166666666667 0.037037037037037035
25 0.2825520833333333 0.3560185185185185 0.021354166666666667 0.03611111111111111
14 0.27265625 0.3736111111111111 0.021354166666666667 0.03611111111111111
20 0.26171875 0.3560185185185185 0.021354166666666667 0.03611111111111111
7 0.2518229166666667 0.3736111111111111 0.021354166666666667 0.03611111111111111
11 0.24088541666666666 0.3560185185185185 0.021354166666666667 0.03611111111111111
16 0.23098958333333333 0.3736111111111111 0.021354166666666667 0.03611111111111111
12 0.21979166666666666 0.3560185185185185 0.021875 0.03611111111111111
27 0.5005208333333333 0.3101851851851852 0.90625 0.34444444444444444
