11 0.11171875 0.8694444444444445 0.021354166666666667 0.037037037037037035
7 0.20494791666666667 0.850925925925926 0.021354166666666667 0.037037037037037035
21 0.19505208333333332 0.8699074074074075 0.021354166666666667 0.03611111111111111
9 0.18385416666666668 0.850925925925926 0.021875 0.037037037037037035
17 0.17421875 0.8699074074074075 0.021354166666666667 0.03611111111111111
1 0.16302083333333334 0.850925925925926 0.021875 0.037037037037037035
22 0.15338541666666666 0.8694444444444445 0.021354166666666667 0.037037037037037035
23 0.14192708333333334 0.850925925925926 0.021354166666666667 0.037037037037037035
11 0.13255208333333332 0.8694444444444445 0.021354166666666667 0.037037037037037035
13 0.12109375 0.850925925925926 0.021354166666666667 0.037037037037037035
27 0.5005208333333333 0.8333333333333334 0.90625 0.3314814814814815
