0 0.88515625 0.4810185185185185 0.005729166666666666 0.14722222222222223
22 0.11484375 0.5828703703703704 0.022395833333333334 0.03796296296296296
0 0.8567708333333334 0.43287037037037035 0.00625 0.05648148148148148
11 0.12708333333333333 0.6018518518518519 0.021875 0.03888888888888889
7 0.13671875 0.5824074074074074 0.022395833333333334 0.037037037037037035
16 0.14817708333333332 0.6013888888888889 0.021354166666666667 0.03796296296296296
26 0.15885416666666666 0.5828703703703704 0.022916666666666665 0.03796296296296296
23 0.16927083333333334 0.6013888888888889 0.021875 0.03796296296296296
6 0.18098958333333334 0.5828703703703704 0.022395833333333334 0.03796296296296296
25 0.19036458333333334 0.6013888888888889 0.022395833333333334 0.03796296296296296
26 0.20260416666666667 0.5828703703703704 0.021875 0.03796296296296296
27 0.49895833333333334 0.5254629629629629 0.9375 0.3527777777777778
