0 0.44036458333333334 0.6523148148148148 0.018229166666666668 0.41944444444444445
3 0.3609375 0.7925925925925926 0.065625 0.10555555555555556
0 0.3859375 0.524537037037037 0.020833333333333332 0.15648148148148147
10 0.39505208333333336 0.8523148148148149 0.06302083333333333 0.10648148148148148
11 0.4244791666666667 0.7930555555555555 0.06354166666666666 0.10462962962962963
4 0.4557291666666667 0.850462962962963 0.059375 0.10648148148148148
16 0.48541666666666666 0.7958333333333333 0.06041666666666667 0.10648148148148148
2 0.5151041666666667 0.8472222222222222 0.06041666666666667 0.10555555555555556
19 0.5453125 0.7986111111111112 0.06041666666666667 0.10648148148148148
20 0.5770833333333333 0.8439814814814814 0.06458333333333334 0.10462962962962963
5 0.6067708333333334 0.799537037037037 0.06354166666666666 0.10648148148148148
27 0.49973958333333335 0.662962962962963 0.5692708333333333 0.6722222222222223
