0 0.5828125 0.7240740740740741 0.01875 0.40925925925925927
15 0.36770833333333336 0.9583333333333334 0.0625 0.08148148148148149
0 0.30390625 0.5879629629629629 0.0203125 0.1537037037037037
6 0.39921875 0.9236111111111112 0.058854166666666666 0.10648148148148148
26 0.42890625 0.9601851851851851 0.0609375 0.07777777777777778
16 0.4583333333333333 0.9194444444444444 0.06041666666666667 0.10555555555555556
25 0.4895833333333333 0.962037037037037 0.06145833333333333 0.07407407407407407
15 0.5205729166666667 0.9171296296296296 0.06510416666666667 0.10462962962962963
17 0.5513020833333333 0.9625 0.0640625 0.07314814814814814
27 0.49973958333333335 0.7018518518518518 0.5692708333333333 0.5944444444444444
