0 0.359375 0.8055555555555556 0.01875 0.387037037037037
13 0.2955729166666667 0.7893518518518519 0.06510416666666667 0.10462962962962963
0 0.30416666666666664 0.6925925925925925 0.01875 0.1537037037037037
5 0.33177083333333335 0.7435185185185185 0.06354166666666666 0.10740740740740741
8 0.36015625 0.7893518518518519 0.06510416666666667 0.10462962962962963
11 0.39453125 0.7435185185185185 0.06302083333333333 0.10740740740740741
22 0.4239583333333333 0.7902777777777777 0.06354166666666666 0.10462962962962963
25 0.4552083333333333 0.7425925925925926 0.059375 0.10555555555555556
4 0.48489583333333336 0.7930555555555555 0.06041666666666667 0.10648148148148148
27 0.49973958333333335 0.750462962962963 0.5692708333333333 0.49722222222222223
