0 0.9255208333333333 0.9333333333333333 0.00625 0.13148148148148148
20 0.5723958333333333 0.8902777777777777 0.021875 0.03796296296296296
0 0.9049479166666666 0.8694444444444445 0.005729166666666666 0.05555555555555555
20 0.5833333333333334 0.8703703703703703 0.021875 0.03888888888888889
26 0.59375 0.8902777777777777 0.021875 0.03796296296296296
9 0.6049479166666667 0.8703703703703703 0.022395833333333334 0.03888888888888889
9 0.6153645833333333 0.8902777777777777 0.022395833333333334 0.03796296296296296
6 0.6263020833333334 0.8708333333333333 0.022395833333333334 0.03796296296296296
23 0.6372395833333333 0.8902777777777777 0.022395833333333334 0.03796296296296296
27 0.49895833333333334 0.8643518518518518 0.9375 0.26944444444444443
