22 0.56015625 0.7134259259259259 0.021354166666666667 0.03611111111111111
2 0.5497395833333333 0.7314814814814815 0.021354166666666667 0.037037037037037035
4 0.5393229166666667 0.7134259259259259 0.021354166666666667 0.03611111111111111
14 0.52890625 0.7319444444444444 0.021354166666666667 0.03611111111111111
15 0.5184895833333333 0.7134259259259259 0.021354166666666667 0.03611111111111111
9 0.5080729166666667 0.7314814814814815 0.021354166666666667 0.037037037037037035
24 0.49765625 0.7134259259259259 0.021354166666666667 0.03611111111111111
14 0.48723958333333334 0.7319444444444444 0.021354166666666667 0.03611111111111111
1 0.47682291666666665 0.7134259259259259 0.021354166666666667 0.03611111111111111
27 0.5005208333333333 0.8212962962962963 0.90625 0.35555555555555557
