1 0.48776041666666664 0.4736111111111111 0.021354166666666667 0.03611111111111111
14 0.5815104166666667 0.45601851851851855 0.021354166666666667 0.03611111111111111
6 0.57109375 0.4740740740740741 0.021354166666666667 0.037037037037037035
11 0.5606770833333333 0.45555555555555555 0.021354166666666667 0.037037037037037035
19 0.5502604166666667 0.4736111111111111 0.021354166666666667 0.03611111111111111
26 0.53984375 0.45601851851851855 0.021354166666666667 0.03611111111111111
1 0.5294270833333333 0.4736111111111111 0.021354166666666667 0.03611111111111111
8 0.5190104166666667 0.45555555555555555 0.021354166666666667 0.037037037037037035
2 0.50859375 0.4740740740740741 0.021354166666666667 0.037037037037037035
3 0.4979166666666667 0.45601851851851855 0.021875 0.03611111111111111
27 0.5005208333333333 0.4212962962962963 0.90625 0.34074074074074073
