1 0.41744791666666664 0.36157407407407405 0.021354166666666667 0.03611111111111111
9 0.51171875 0.3435185185185185 0.021354166666666667 0.037037037037037035
1 0.5013020833333334 0.36203703703703705 0.021354166666666667 0.037037037037037035
3 0.4908854166666667 0.3435185185185185 0.021354166666666667 0.037037037037037035
23 0.48046875 0.36157407407407405 0.021354166666666667 0.03611111111111111
15 0.4700520833333333 0.3435185185185185 0.021354166666666667 0.037037037037037035
8 0.459375 0.36203703703703705 0.021875 0.037037037037037035
24 0.44921875 0.3435185185185185 0.021354166666666667 0.037037037037037035
13 0.43828125 0.36203703703703705 0.021354166666666667 0.037037037037037035
21 0.428125 0.3435185185185185 0.021875 0.037037037037037035
27 0.5005208333333333 0.4115740740740741 0.90625 0.3398148148148148
