0 0.8565104166666667 0.8416666666666667 0.005729166666666666 0.14814814814814814
7 0.3098958333333333 0.9541666666666667 0.021875 0.03796296296296296
0 0.89609375 0.7962962962962963 0.005729166666666666 0.05555555555555555
1 0.32005208333333335 0.9337962962962963 0.022395833333333334 0.03796296296296296
6 0.33125 0.9541666666666667 0.021875 0.03796296296296296
17 0.3419270833333333 0.9347222222222222 0.022395833333333334 0.03796296296296296
9 0.35260416666666666 0.9532407407407407 0.021875 0.03796296296296296
14 0.36380208333333336 0.9356481481481481 0.022395833333333334 0.03796296296296296
22 0.37395833333333334 0.9523148148148148 0.021875 0.03796296296296296
27 0.49895833333333334 0.8356481481481481 0.9375 0.32685185185185184
