2 0.20546875 0.3125 0.021354166666666667 0.03611111111111111
25 0.19583333333333333 0.3300925925925926 0.021875 0.03611111111111111
4 0.18463541666666666 0.3125 0.021354166666666667 0.03611111111111111
8 0.17473958333333334 0.3300925925925926 0.021354166666666667 0.03611111111111111
12 0.16380208333333332 0.3125 0.021354166666666667 0.03611111111111111
11 0.15390625 0.3296296296296296 0.021354166666666667 0.037037037037037035
22 0.14270833333333333 0.3125 0.021875 0.03611111111111111
11 0.13307291666666668 0.3300925925925926 0.021354166666666667 0.03611111111111111
17 0.12161458333333333 0.31296296296296294 0.021354166666666667 0.037037037037037035
27 0.5005208333333333 0.36944444444444446 0.90625 0.34074074074074073
