0 0.8768229166666667 0.25925925925925924 0.005729166666666666 0.14814814814814814
8 0.62890625 0.2587962962962963 0.022395833333333334 0.03796296296296296
0 0.9377604166666667 0.21342592592592594 0.005729166666666666 0.05648148148148148
9 0.6403645833333333 0.27824074074074073 0.022395833333333334 0.03796296296296296
21 0.6505208333333333 0.2587962962962963 0.021875 0.03796296296296296
6 0.6619791666666667 0.27824074074074073 0.021875 0.03796296296296296
22 0.671875 0.2587962962962963 0.021875 0.03796296296296296
6 0.6833333333333333 0.27824074074074073 0.021875 0.03796296296296296
26 0.6934895833333333 0.2587962962962963 0.022395833333333334 0.03796296296296296
10 0.7049479166666667 0.27824074074074073 0.022395833333333334 0.03796296296296296
16 0.71484375 0.2587962962962963 0.022395833333333334 0.03796296296296296
27 0.49895833333333334 0.30694444444444446 0.9375 0.35648148148148145
