0 0.88515625 0.6699074074074074 0.005729166666666666 0.14722222222222223
1 0.3307291666666667 0.7157407407407408 0.021875 0.03888888888888889
15 0.23255208333333333 0.6962962962962963 0.022395833333333334 0.037037037037037035
0 0.8666666666666667 0.6263888888888889 0.008333333333333333 0.05648148148148148
21 0.24453125 0.7157407407407408 0.022395833333333334 0.03888888888888889
13 0.25442708333333336 0.6967592592592593 0.022395833333333334 0.03796296296296296
8 0.26614583333333336 0.7157407407407408 0.021875 0.03888888888888889
11 0.27578125 0.6962962962962963 0.022395833333333334 0.03888888888888889
21 0.2877604166666667 0.7157407407407408 0.022395833333333334 0.03888888888888889
23 0.29765625 0.6967592592592593 0.022395833333333334 0.03796296296296296
15 0.30911458333333336 0.7157407407407408 0.022395833333333334 0.03888888888888889
25 0.3190104166666667 0.6962962962962963 0.022395833333333334 0.03888888888888889
27 0.49895833333333334 0.7152777777777778 0.9375 0.36203703703703705
