14 0.9190104166666667 0.3333333333333333 0.021354166666666667 0.037037037037037035
24 0.9080729166666667 0.3509259259259259 0.021354166666666667 0.037037037037037035
2 0.8984375 0.3337962962962963 0.021875 0.03611111111111111
22 0.8869791666666667 0.3509259259259259 0.021875 0.037037037037037035
4 0.87734375 0.3333333333333333 0.021354166666666667 0.037037037037037035
2 0.8658854166666666 0.3509259259259259 0.021354166666666667 0.037037037037037035
19 0.8567708333333334 0.33425925925925926 0.021875 0.037037037037037035
4 0.8450520833333334 0.35138888888888886 0.021354166666666667 0.03611111111111111
13 0.8356770833333333 0.3337962962962963 0.021354166666666667 0.03611111111111111
27 0.5005208333333333 0.45231481481481484 0.90625 0.3416666666666667
