0 0.865625 0.20694444444444443 0.00625 0.14722222222222223
7 0.23098958333333333 0.23796296296296296 0.022395833333333334 0.03888888888888889
0 0.92578125 0.18703703703703703 0.005729166666666666 0.05555555555555555
2 0.24296875 0.25555555555555554 0.022395833333333334 0.03888888888888889
16 0.25286458333333334 0.23842592592592593 0.022395833333333334 0.03796296296296296
12 0.26458333333333334 0.2550925925925926 0.021875 0.03796296296296296
8 0.27421875 0.23842592592592593 0.022395833333333334 0.03796296296296296
6 0.2859375 0.25555555555555554 0.021875 0.03888888888888889
17 0.29583333333333334 0.23842592592592593 0.021875 0.03796296296296296
18 0.30755208333333334 0.25555555555555554 0.022395833333333334 0.03888888888888889
26 0.3177083333333333 0.23796296296296296 0.021875 0.03888888888888889
27 0.49895833333333334 0.2564814814814815 0.9375 0.3685185185185185
