0 0.9046875 0.2273148148148148 0.005208333333333333 0.14722222222222223
4 0.5877604166666667 0.3106481481481482 0.022395833333333334 0.03796296296296296
0 0.9260416666666667 0.20694444444444443 0.00625 0.05648148148148148
18 0.5986979166666667 0.29305555555555557 0.022395833333333334 0.03796296296296296
9 0.6091145833333333 0.3106481481481482 0.022395833333333334 0.03796296296296296
17 0.6205729166666667 0.29305555555555557 0.022395833333333334 0.03796296296296296
13 0.6307291666666667 0.3106481481481482 0.021875 0.03796296296296296
11 0.6424479166666667 0.29305555555555557 0.022395833333333334 0.03796296296296296
17 0.6520833333333333 0.3106481481481482 0.021875 0.03796296296296296
27 0.49895833333333334 0.2773148148148148 0.9375 0.3638888888888889
