3 0.5213541666666667 0.4601851851851852 0.021875 0.037037037037037035
26 0.5106770833333333 0.4787037037037037 0.021354166666666667 0.037037037037037035
22 0.5002604166666667 0.46111111111111114 0.021354166666666667 0.037037037037037035
11 0.48984375 0.4787037037037037 0.021354166666666667 0.037037037037037035
9 0.47942708333333334 0.46111111111111114 0.021354166666666667 0.037037037037037035
7 0.46901041666666665 0.4787037037037037 0.021354166666666667 0.037037037037037035
12 0.45859375 0.46064814814814814 0.021354166666666667 0.03611111111111111
12 0.44817708333333334 0.4787037037037037 0.021354166666666667 0.037037037037037035
4 0.43776041666666665 0.46064814814814814 0.021354166666666667 0.03611111111111111
27 0.5005208333333333 0.45694444444444443 0.90625 0.3416666666666667
