0 0.8848958333333333 0.14305555555555555 0.00625 0.14722222222222223
1 0.2677083333333333 0.17824074074074073 0.021875 0.03796296296296296
0 0.9377604166666667 0.09722222222222222 0.005729166666666666 0.05555555555555555
10 0.27734375 0.16064814814814815 0.022395833333333334 0.03796296296296296
18 0.2890625 0.17824074074074073 0.021875 0.03796296296296296
26 0.29921875 0.16064814814814815 0.022395833333333334 0.03796296296296296
22 0.3104166666666667 0.17824074074074073 0.021875 0.03796296296296296
2 0.32109375 0.16018518518518518 0.022395833333333334 0.03888888888888889
2 0.33177083333333335 0.1787037037037037 0.021875 0.03888888888888889
14 0.34296875 0.1597222222222222 0.022395833333333334 0.03796296296296296
27 0.49895833333333334 0.2125 0.9375 0.4027777777777778
