0 0.8958333333333334 0.5986111111111111 0.00625 0.14907407407407408
19 0.6794270833333333 0.7337962962962963 0.022395833333333334 0.03796296296296296
4 0.5825520833333333 0.7152777777777778 0.022395833333333334 0.03796296296296296
0 0.9260416666666667 0.5814814814814815 0.005208333333333333 0.05555555555555555
15 0.5927083333333333 0.7347222222222223 0.021875 0.03796296296296296
9 0.60390625 0.7152777777777778 0.022395833333333334 0.03796296296296296
12 0.6140625 0.7347222222222223 0.021875 0.03796296296296296
14 0.6255208333333333 0.7152777777777778 0.021875 0.03796296296296296
21 0.6356770833333333 0.7347222222222223 0.022395833333333334 0.03796296296296296
6 0.646875 0.7157407407407408 0.021875 0.03888888888888889
9 0.6575520833333334 0.7347222222222223 0.022395833333333334 0.03796296296296296
22 0.6682291666666667 0.7162037037037037 0.021875 0.03796296296296296
27 0.49895833333333334 0.6486111111111111 0.9375 0.3527777777777778
