0 0.9174479166666667 0.06157407407407407 0.005729166666666666 0.12314814814814815
6 0.8119791666666667 0.09953703703703703 0.021875 0.03796296296296296
19 0.7153645833333333 0.08101851851851852 0.022395833333333334 0.03796296296296296
0 0.9260416666666667 0.03009259259259259 0.00625 0.05648148148148148
12 0.7270833333333333 0.10138888888888889 0.021875 0.03796296296296296
26 0.7369791666666666 0.08101851851851852 0.021875 0.03796296296296296
8 0.7484375 0.10046296296296296 0.021875 0.03796296296296296
23 0.7588541666666667 0.08148148148148149 0.022916666666666665 0.03888888888888889
25 0.76953125 0.09953703703703703 0.021354166666666667 0.03796296296296296
7 0.7809895833333333 0.08194444444444444 0.022395833333333334 0.03796296296296296
18 0.7908854166666667 0.09953703703703703 0.021354166666666667 0.03796296296296296
10 0.8026041666666667 0.0824074074074074 0.021875 0.03888888888888889
27 0.49895833333333334 0.1574074074074074 0.9375 0.3148148148148148
