17 0.5536458333333333 0.3 0.021875 0.037037037037037035
8 0.5434895833333333 0.31805555555555554 0.021354166666666667 0.03611111111111111
9 0.5328125 0.29953703703703705 0.021875 0.03611111111111111
11 0.5221354166666666 0.3175925925925926 0.021354166666666667 0.037037037037037035
3 0.51171875 0.29953703703703705 0.021354166666666667 0.03611111111111111
22 0.5013020833333334 0.31805555555555554 0.021354166666666667 0.03611111111111111
14 0.4908854166666667 0.3 0.021354166666666667 0.037037037037037035
6 0.48046875 0.31805555555555554 0.021354166666666667 0.03611111111111111
14 0.4700520833333333 0.3 0.021354166666666667 0.037037037037037035
27 0.5005208333333333 0.3800925925925926 0.90625 0.3416666666666667
