0 0.3265625 0.4726851851851852 0.019791666666666666 0.41944444444444445
3 0.48411458333333335 0.637962962962963 0.0609375 0.10555555555555556
0 0.36015625 0.3509259259259259 0.0203125 0.1537037037037037
7 0.5135416666666667 0.5861111111111111 0.06041666666666667 0.10555555555555556
13 0.54375 0.6393518518518518 0.059375 0.10648148148148148
17 0.5747395833333333 0.5856481481481481 0.06302083333333333 0.10462962962962963
4 0.6036458333333333 0.6393518518518518 0.0625 0.10648148148148148
3 0.6377604166666667 0.5847222222222223 0.06510416666666667 0.10462962962962963
8 0.6661458333333333 0.6398148148148148 0.06354166666666666 0.10740740740740741
27 0.49973958333333335 0.5699074074074074 0.5692708333333333 0.8583333333333333
