7 0.35859375 0.32314814814814813 0.021354166666666667 0.037037037037037035
13 0.45286458333333335 0.30462962962962964 0.021354166666666667 0.037037037037037035
5 0.4421875 0.32314814814814813 0.021875 0.037037037037037035
7 0.43203125 0.30462962962962964 0.021354166666666667 0.037037037037037035
2 0.42109375 0.32314814814814813 0.021354166666666667 0.037037037037037035
17 0.41119791666666666 0.30462962962962964 0.021354166666666667 0.037037037037037035
18 0.4002604166666667 0.32314814814814813 0.021354166666666667 0.037037037037037035
17 0.39036458333333335 0.30462962962962964 0.021354166666666667 0.037037037037037035
23 0.37942708333333336 0.32314814814814813 0.021354166666666667 0.037037037037037035
21 0.3692708333333333 0.30462962962962964 0.020833333333333332 0.037037037037037035
27 0.5005208333333333 0.36944444444444446 0.90625 0.34074074074074073
