0 0.8565104166666667 0.4898148148148148 0.005729166666666666 0.14814814814814814
6 0.6697916666666667 0.5291666666666667 0.021875 0.03796296296296296
13 0.5729166666666666 0.5101851851851852 0.021875 0.03888888888888889
0 0.8856770833333333 0.44351851851851853 0.005729166666666666 0.05555555555555555
5 0.5838541666666667 0.5291666666666667 0.021875 0.03796296296296296
14 0.59453125 0.5106481481481482 0.022395833333333334 0.03796296296296296
21 0.6057291666666667 0.5291666666666667 0.021875 0.03796296296296296
11 0.6161458333333333 0.5106481481481482 0.021875 0.03796296296296296
25 0.6270833333333333 0.5287037037037037 0.021875 0.03888888888888889
23 0.6377604166666667 0.5106481481481482 0.022395833333333334 0.03796296296296296
7 0.6484375 0.5291666666666667 0.021875 0.03796296296296296
14 0.6596354166666667 0.5106481481481482 0.022395833333333334 0.03796296296296296
27 0.49895833333333334 0.538425925925926 0.9375 0.3527777777777778
