0 0.6138020833333333 0.8425925925925926 0.0203125 0.31296296296296294
17 0.3880208333333333 0.8384259259259259 0.06354166666666666 0.10648148148148148
0 0.36015625 0.763425925925926 0.0203125 0.1527777777777778
3 0.41770833333333335 0.7791666666666667 0.06458333333333334 0.10462962962962963
17 0.45078125 0.8384259259259259 0.06302083333333333 0.10648148148148148
3 0.48098958333333336 0.7796296296296297 0.06302083333333333 0.10555555555555556
20 0.51171875 0.837037037037037 0.059895833333333336 0.10740740740740741
24 0.5419270833333333 0.7824074074074074 0.059895833333333336 0.10555555555555556
13 0.5716145833333334 0.8337962962962963 0.0609375 0.10462962962962963
27 0.49973958333333335 0.7550925925925925 0.5692708333333333 0.487962962962963
