0 0.5828125 0.6620370370370371 0.01875 0.40925925925925927
26 0.34479166666666666 0.8402777777777778 0.06041666666666667 0.10462962962962963
0 0.41744791666666664 0.5314814814814814 0.019270833333333334 0.1537037037037037
13 0.378125 0.9 0.0625 0.10740740740740741
17 0.40703125 0.8393518518518519 0.06510416666666667 0.10462962962962963
21 0.440625 0.9 0.06354166666666666 0.10740740740740741
19 0.47161458333333334 0.8388888888888889 0.06510416666666667 0.1037037037037037
20 0.5036458333333333 0.9 0.06354166666666666 0.10740740740740741
6 0.5359375 0.8393518518518519 0.06458333333333334 0.10462962962962963
18 0.5658854166666667 0.899537037037037 0.06197916666666667 0.10648148148148148
25 0.5979166666666667 0.8407407407407408 0.06041666666666667 0.10555555555555556
27 0.49973958333333335 0.6712962962962963 0.5692708333333333 0.6555555555555556
