0 0.6138020833333333 0.5634259259259259 0.0203125 0.41944444444444445
24 0.3104166666666667 0.9259259259259259 0.06354166666666666 0.10555555555555556
0 0.6958333333333333 0.4361111111111111 0.020833333333333332 0.1537037037037037
1 0.34270833333333334 0.9648148148148148 0.059375 0.06851851851851852
10 0.3723958333333333 0.9291666666666667 0.06145833333333333 0.10648148148148148
14 0.40130208333333334 0.9625 0.059895833333333336 0.07314814814814814
7 0.43307291666666664 0.9328703703703703 0.06197916666666667 0.10833333333333334
9 0.4630208333333333 0.9611111111111111 0.06458333333333334 0.07592592592592592
14 0.49505208333333334 0.9337962962962963 0.0640625 0.10648148148148148
27 0.49973958333333335 0.6185185185185185 0.5692708333333333 0.7611111111111111
