0 0.8958333333333334 0.4356481481481482 0.00625 0.14907407407407408
17 0.8263020833333333 0.39305555555555555 0.022395833333333334 0.03796296296296296
24 0.72890625 0.37453703703703706 0.021354166666666667 0.03796296296296296
0 0.87734375 0.39166666666666666 0.005729166666666666 0.05555555555555555
16 0.73984375 0.39305555555555555 0.022395833333333334 0.03796296296296296
26 0.75 0.37407407407407406 0.021875 0.03888888888888889
6 0.76171875 0.39305555555555555 0.022395833333333334 0.03796296296296296
10 0.7713541666666667 0.3736111111111111 0.021875 0.03796296296296296
19 0.7833333333333333 0.39305555555555555 0.021875 0.03796296296296296
3 0.7927083333333333 0.3736111111111111 0.021875 0.03796296296296296
14 0.8049479166666667 0.39305555555555555 0.022395833333333334 0.03796296296296296
22 0.8145833333333333 0.3736111111111111 0.021875 0.03796296296296296
27 0.49895833333333334 0.4837962962962963 0.9375 0.3527777777777778
