0 0.8658854166666666 0.40370370370370373 0.005729166666666666 0.14814814814814814
1 0.6708333333333333 0.5078703703703704 0.021875 0.03796296296296296
17 0.57421875 0.4888888888888889 0.022395833333333334 0.03888888888888889
0 0.87734375 0.36203703703703705 0.005729166666666666 0.05555555555555555
14 0.58515625 0.5078703703703704 0.022395833333333334 0.03796296296296296
25 0.5955729166666667 0.4888888888888889 0.022395833333333334 0.03888888888888889
9 0.6067708333333334 0.5078703703703704 0.021875 0.03796296296296296
22 0.6174479166666667 0.4888888888888889 0.022395833333333334 0.03888888888888889
7 0.628125 0.5078703703703704 0.021875 0.03796296296296296
16 0.6390625 0.48842592592592593 0.021875 0.03796296296296296
2 0.64921875 0.5078703703703704 0.022395833333333334 0.03796296296296296
26 0.6606770833333333 0.4888888888888889 0.022395833333333334 0.037037037037037035
27 0.49895833333333334 0.45231481481481484 0.9375 0.3527777777777778
