0 0.5265625 0.26342592592592595 0.01875 0.4101851851851852
19 0.44921875 0.5291666666666667 0.0640625 0.10648148148148148
0 0.41744791666666664 0.14907407407407408 0.0203125 0.15555555555555556
24 0.47994791666666664 0.47685185185185186 0.0640625 0.1037037037037037
14 0.5106770833333333 0.5291666666666667 0.0609375 0.10648148148148148
8 0.54140625 0.47685185185185186 0.059895833333333336 0.10555555555555556
20 0.5708333333333333 0.5287037037037037 0.06145833333333333 0.10555555555555556
9 0.6002604166666666 0.47638888888888886 0.058854166666666666 0.10648148148148148
8 0.6322916666666667 0.5282407407407408 0.06354166666666666 0.10462962962962963
22 0.6606770833333333 0.47638888888888886 0.06302083333333333 0.10648148148148148
27 0.49973958333333335 0.47824074074074074 0.5692708333333333 0.9564814814814815
