4 0.6502604166666667 0.1175925925925926 0.021354166666666667 0.037037037037037035
14 0.74453125 0.09953703703703703 0.021354166666666667 0.03611111111111111
17 0.7346354166666667 0.11805555555555555 0.021354166666666667 0.03611111111111111
7 0.7236979166666667 0.09907407407407408 0.021354166666666667 0.037037037037037035
5 0.7135416666666666 0.11805555555555555 0.021875 0.03611111111111111
4 0.7028645833333333 0.1 0.021354166666666667 0.037037037037037035
16 0.6924479166666667 0.1175925925925926 0.021354166666666667 0.037037037037037035
23 0.68203125 0.1 0.021354166666666667 0.037037037037037035
11 0.6713541666666667 0.11712962962962963 0.021875 0.03611111111111111
14 0.6611979166666667 0.10046296296296296 0.021354166666666667 0.03611111111111111
27 0.5005208333333333 0.20277777777777778 0.90625 0.3592592592592593
