0 0.52578125 0.7226851851851852 0.0203125 0.4101851851851852
16 0.42630208333333336 0.7 0.06197916666666667 0.10555555555555556
0 0.6953125 0.5888888888888889 0.019791666666666666 0.1537037037037037
8 0.45651041666666664 0.7541666666666667 0.059895833333333336 0.10648148148148148
11 0.4864583333333333 0.7023148148148148 0.06041666666666667 0.10648148148148148
15 0.5169270833333334 0.7518518518518519 0.06197916666666667 0.10555555555555556
3 0.5471354166666667 0.7037037037037037 0.06197916666666667 0.10740740740740741
19 0.5794270833333334 0.750462962962963 0.06510416666666667 0.10462962962962963
20 0.609375 0.7037037037037037 0.06354166666666666 0.10740740740740741
17 0.6440104166666667 0.750462962962963 0.06510416666666667 0.10462962962962963
19 0.6721354166666667 0.7037037037037037 0.0640625 0.10740740740740741
27 0.49973958333333335 0.7 0.5692708333333333 0.5981481481481481
