0 0.4171875 0.7523148148148148 0.01875 0.4101851851851852
6 0.4158854166666667 0.8347222222222223 0.06510416666666667 0.10462962962962963
0 0.47291666666666665 0.6222222222222222 0.019791666666666666 0.1537037037037037
5 0.44921875 0.7893518518518519 0.0640625 0.10648148148148148
5 0.47994791666666664 0.8347222222222223 0.0640625 0.10462962962962963
14 0.5109375 0.788425925925926 0.06041666666666667 0.10648148148148148
9 0.54140625 0.837037037037037 0.059895833333333336 0.10555555555555556
13 0.5708333333333333 0.7861111111111111 0.06145833333333333 0.10555555555555556
11 0.6002604166666666 0.8402777777777778 0.058854166666666666 0.10648148148148148
27 0.49973958333333335 0.7148148148148148 0.5692708333333333 0.5685185185185185
