0 0.88515625 0.7125 0.005729166666666666 0.14722222222222223
23 0.34348958333333335 0.7875 0.022395833333333334 0.03796296296296296
26 0.246875 0.7689814814814815 0.021875 0.03796296296296296
0 0.9177083333333333 0.6657407407407407 0.00625 0.05555555555555555
6 0.2565104166666667 0.7865740740740741 0.022395833333333334 0.03796296296296296
1 0.2682291666666667 0.7689814814814815 0.021875 0.03796296296296296
12 0.278125 0.7865740740740741 0.021875 0.03796296296296296
19 0.28958333333333336 0.7689814814814815 0.021875 0.03796296296296296
19 0.29973958333333334 0.7865740740740741 0.022395833333333334 0.03796296296296296
22 0.3109375 0.7689814814814815 0.021875 0.03796296296296296
21 0.321875 0.7870370370370371 0.022916666666666665 0.03888888888888889
16 0.33229166666666665 0.7680555555555556 0.021875 0.03796296296296296
27 0.49895833333333334 0.750462962962963 0.9375 0.36944444444444446
