18 0.60390625 0.38657407407407407 0.021354166666666667 0.03611111111111111
3 0.6981770833333333 0.36898148148148147 0.021354166666666667 0.03611111111111111
12 0.6872395833333333 0.38657407407407407 0.021354166666666667 0.03611111111111111
17 0.67734375 0.36898148148148147 0.021354166666666667 0.03611111111111111
16 0.6661458333333333 0.3861111111111111 0.021875 0.037037037037037035
6 0.65625 0.3685185185185185 0.021875 0.037037037037037035
19 0.6455729166666667 0.38657407407407407 0.021354166666666667 0.03611111111111111
9 0.63515625 0.36898148148148147 0.021354166666666667 0.03611111111111111
3 0.6247395833333333 0.38657407407407407 0.021354166666666667 0.03611111111111111
26 0.6143229166666667 0.36898148148148147 0.021354166666666667 0.03611111111111111
27 0.5005208333333333 0.28564814814814815 0.90625 0.3472222222222222
