0 0.9174479166666667 0.38055555555555554 0.005729166666666666 0.14814814814814814
6 0.2421875 0.39490740740740743 0.021875 0.03796296296296296
0 0.89609375 0.3300925925925926 0.0067708333333333336 0.05648148148148148
10 0.2520833333333333 0.41388888888888886 0.021875 0.03888888888888889
20 0.2638020833333333 0.39490740740740743 0.022395833333333334 0.03796296296296296
24 0.27369791666666665 0.4134259259259259 0.022395833333333334 0.03796296296296296
16 0.28541666666666665 0.39490740740740743 0.021875 0.03796296296296296
7 0.2953125 0.4134259259259259 0.021875 0.03796296296296296
23 0.30703125 0.39490740740740743 0.022395833333333334 0.03796296296296296
2 0.31692708333333336 0.41388888888888886 0.022395833333333334 0.03888888888888889
1 0.32838541666666665 0.39490740740740743 0.022395833333333334 0.03796296296296296
27 0.49895833333333334 0.42453703703703705 0.9375 0.3527777777777778
