0 0.89609375 0.1962962962962963 0.005729166666666666 0.14814814814814814
17 0.86953125 0.14583333333333334 0.022395833333333334 0.03796296296296296
0 0.8856770833333333 0.15231481481481482 0.0067708333333333336 0.05648148148148148
22 0.87890625 0.16342592592592592 0.022395833333333334 0.03796296296296296
16 0.8908854166666667 0.14583333333333334 0.022395833333333334 0.03796296296296296
7 0.9005208333333333 0.16296296296296298 0.022916666666666665 0.03888888888888889
22 0.9122395833333333 0.14537037037037037 0.021354166666666667 0.03888888888888889
13 0.9229166666666667 0.16342592592592592 0.022916666666666665 0.03796296296296296
17 0.9330729166666667 0.1449074074074074 0.021354166666666667 0.03796296296296296
27 0.49895833333333334 0.2518518518518518 0.9375 0.3685185185185185
