13 0.16276041666666666 0.7708333333333334 0.021354166666666667 0.03611111111111111
17 0.25729166666666664 0.7537037037037037 0.020833333333333332 0.037037037037037035
16 0.24661458333333333 0.7708333333333334 0.021354166666666667 0.03611111111111111
23 0.23671875 0.7537037037037037 0.021354166666666667 0.037037037037037035
12 0.22552083333333334 0.7712962962962963 0.021875 0.037037037037037035
16 0.21588541666666666 0.7541666666666667 0.021354166666666667 0.03611111111111111
8 0.20442708333333334 0.7712962962962963 0.021354166666666667 0.037037037037037035
23 0.19505208333333332 0.7537037037037037 0.021354166666666667 0.037037037037037035
20 0.18359375 0.7712962962962963 0.021354166666666667 0.037037037037037035
18 0.17395833333333333 0.7537037037037037 0.021875 0.037037037037037035
27 0.5005208333333333 0.7800925925925926 0.90625 0.35648148148148145
