0 0.88515625 0.44814814814814813 0.005729166666666666 0.14814814814814814
20 0.6057291666666667 0.4949074074074074 0.021875 0.03796296296296296
0 0.9046875 0.40370370370370373 0.005208333333333333 0.05555555555555555
19 0.61640625 0.47638888888888886 0.022395833333333334 0.03796296296296296
12 0.62734375 0.4949074074074074 0.022395833333333334 0.03796296296296296
3 0.63828125 0.47638888888888886 0.022395833333333334 0.03796296296296296
4 0.6484375 0.4949074074074074 0.021875 0.03796296296296296
19 0.6598958333333333 0.47638888888888886 0.021875 0.03796296296296296
9 0.6697916666666667 0.4949074074074074 0.021875 0.03796296296296296
27 0.49895833333333334 0.49444444444444446 0.9375 0.3537037037037037
