0 0.4171875 0.2462962962962963 0.01875 0.40925925925925927
12 0.46067708333333335 0.31157407407407406 0.06302083333333333 0.10462962962962963
0 0.6424479166666667 0.13287037037037036 0.0203125 0.15462962962962962
5 0.49192708333333335 0.2550925925925926 0.06302083333333333 0.10648148148148148
11 0.5236979166666667 0.3125 0.06510416666666667 0.10462962962962963
26 0.5546875 0.25462962962962965 0.06354166666666666 0.10740740740740741
14 0.58828125 0.3125 0.06510416666666667 0.10462962962962963
4 0.6177083333333333 0.2550925925925926 0.06354166666666666 0.10648148148148148
26 0.64921875 0.3125 0.0578125 0.10462962962962963
27 0.49973958333333335 0.4689814814814815 0.5692708333333333 0.937962962962963
