0 0.3848958333333333 0.3476851851851852 0.019791666666666666 0.41944444444444445
11 0.35390625 0.2689814814814815 0.06510416666666667 0.10462962962962963
0 0.50078125 0.2212962962962963 0.021354166666666667 0.1574074074074074
25 0.3890625 0.21064814814814814 0.06354166666666666 0.10648148148148148
18 0.41848958333333336 0.2689814814814815 0.06510416666666667 0.10462962962962963
16 0.4515625 0.21064814814814814 0.0625 0.10648148148148148
9 0.4817708333333333 0.2689814814814815 0.0625 0.10462962962962963
24 0.5122395833333333 0.2125 0.059895833333333336 0.10648148148148148
22 0.5424479166666667 0.2662037037037037 0.059895833333333336 0.10648148148148148
9 0.5723958333333333 0.21481481481481482 0.06145833333333333 0.10555555555555556
27 0.49973958333333335 0.5041666666666667 0.5692708333333333 0.9898148148148148
