22 0.4036458333333333 0.5060185185185185 0.021875 0.03611111111111111
26 0.39348958333333334 0.524074074074074 0.021354166666666667 0.037037037037037035
5 0.38255208333333335 0.5060185185185185 0.021354166666666667 0.03611111111111111
17 0.3723958333333333 0.524074074074074 0.021875 0.037037037037037035
8 0.36171875 0.5060185185185185 0.021354166666666667 0.03611111111111111
6 0.35182291666666665 0.524074074074074 0.021354166666666667 0.037037037037037035
14 0.34088541666666666 0.5060185185185185 0.021354166666666667 0.03611111111111111
7 0.33098958333333334 0.524074074074074 0.021354166666666667 0.037037037037037035
2 0.31979166666666664 0.5060185185185185 0.021875 0.03611111111111111
27 0.5005208333333333 0.47638888888888886 0.90625 0.3416666666666667
