6 0.46328125 0.20092592592592592 0.021354166666666667 0.037037037037037035
3 0.5572916666666666 0.18333333333333332 0.021875 0.037037037037037035
11 0.5466145833333333 0.20046296296296295 0.021354166666666667 0.03611111111111111
1 0.5361979166666667 0.18333333333333332 0.021354166666666667 0.037037037037037035
13 0.52578125 0.20046296296296295 0.021354166666666667 0.03611111111111111
17 0.5153645833333333 0.18333333333333332 0.021354166666666667 0.037037037037037035
14 0.5049479166666667 0.20092592592592592 0.021354166666666667 0.037037037037037035
25 0.49453125 0.18287037037037038 0.021354166666666667 0.03611111111111111
18 0.48411458333333335 0.20092592592592592 0.021354166666666667 0.037037037037037035
15 0.47369791666666666 0.1824074074074074 0.021354166666666667 0.037037037037037035
27 0.5005208333333333 0.25555555555555554 0.90625 0.35185185185185186
