5 0.22916666666666666 0.825925925925926 0.021875 0.037037037037037035
2 0.21848958333333332 0.8435185185185186 0.021354166666666667 0.037037037037037035
14 0.2078125 0.825925925925926 0.021875 0.037037037037037035
21 0.19765625 0.8439814814814814 0.021354166666666667 0.03611111111111111
9 0.18671875 0.825925925925926 0.021354166666666667 0.037037037037037035
5 0.17708333333333334 0.8439814814814814 0.020833333333333332 0.03611111111111111
18 0.16588541666666667 0.825462962962963 0.021354166666666667 0.03611111111111111
22 0.15625 0.8439814814814814 0.021875 0.03611111111111111
25 0.14479166666666668 0.825462962962963 0.021875 0.03611111111111111
27 0.5005208333333333 0.8041666666666667 0.90625 0.36018518518518516
