0 0.3020833333333333 0.6027777777777777 0.021875 0.4111111111111111
19 0.48515625 0.861574074074074 0.0609375 0.10648148148148148
0 0.32760416666666664 0.475 0.019791666666666666 0.1574074074074074
23 0.5145833333333333 0.9138888888888889 0.06041666666666667 0.10555555555555556
22 0.5447916666666667 0.8652777777777778 0.06041666666666667 0.10648148148148148
4 0.5765625 0.9101851851851852 0.06458333333333334 0.1037037037037037
21 0.6057291666666667 0.8666666666666667 0.06354166666666666 0.10740740740740741
20 0.6403645833333333 0.9097222222222222 0.06510416666666667 0.10462962962962963
18 0.66875 0.8666666666666667 0.06354166666666666 0.10740740740740741
27 0.49973958333333335 0.6342592592592593 0.5692708333333333 0.7296296296296296
