0 0.5822916666666667 0.8 0.019791666666666666 0.39814814814814814
10 0.47682291666666665 0.6708333333333333 0.06510416666666667 0.10462962962962963
0 0.41848958333333336 0.6837962962962963 0.016145833333333335 0.1527777777777778
25 0.5083333333333333 0.7273148148148149 0.0625 0.10648148148148148
16 0.53984375 0.6708333333333333 0.06197916666666667 0.10462962962962963
10 0.5692708333333333 0.725462962962963 0.06041666666666667 0.10648148148148148
17 0.5994791666666667 0.6722222222222223 0.059375 0.10555555555555556
17 0.6299479166666667 0.7236111111111111 0.06197916666666667 0.10462962962962963
2 0.65859375 0.674537037037037 0.0609375 0.10648148148148148
27 0.49973958333333335 0.75 0.5692708333333333 0.4981481481481482
