13 0.3033854166666667 0.3351851851851852 0.021354166666666667 0.037037037037037035
8 0.39765625 0.31712962962962965 0.021354166666666667 0.03611111111111111
23 0.38723958333333336 0.3351851851851852 0.021354166666666667 0.037037037037037035
25 0.3768229166666667 0.31712962962962965 0.021354166666666667 0.03611111111111111
26 0.36640625 0.3351851851851852 0.021354166666666667 0.037037037037037035
19 0.35598958333333336 0.31666666666666665 0.021354166666666667 0.037037037037037035
13 0.3453125 0.3351851851851852 0.021875 0.037037037037037035
13 0.33489583333333334 0.31666666666666665 0.021875 0.037037037037037035
8 0.32447916666666665 0.3351851851851852 0.021875 0.037037037037037035
26 0.3143229166666667 0.31666666666666665 0.021354166666666667 0.037037037037037035
27 0.5005208333333333 0.30648148148148147 0.90625 0.34444444444444444
