4 0.17447916666666666 0.7199074074074074 0.021875 0.03611111111111111
2 0.16328125 0.737037037037037 0.021354166666666667 0.037037037037037035
9 0.15364583333333334 0.7203703703703703 0.020833333333333332 0.037037037037037035
10 0.1421875 0.737037037037037 0.021875 0.037037037037037035
22 0.13255208333333332 0.7203703703703703 0.021354166666666667 0.037037037037037035
9 0.12135416666666667 0.737037037037037 0.021875 0.037037037037037035
17 0.11171875 0.7199074074074074 0.021354166666666667 0.03611111111111111
21 0.10026041666666667 0.7375 0.021354166666666667 0.03611111111111111
24 0.09114583333333333 0.7199074074074074 0.021875 0.03611111111111111
27 0.5005208333333333 0.7550925925925925 0.90625 0.3527777777777778
