0 0.8658854166666666 0.42407407407407405 0.005729166666666666 0.14814814814814814
7 0.9145833333333333 0.5013888888888889 0.021875 0.03796296296296296
9 0.81796875 0.4828703703703704 0.022395833333333334 0.03796296296296296
0 0.9049479166666666 0.38055555555555554 0.005729166666666666 0.05555555555555555
3 0.8299479166666667 0.5018518518518519 0.022395833333333334 0.03888888888888889
11 0.83984375 0.4828703703703704 0.022395833333333334 0.03796296296296296
18 0.8510416666666667 0.5013888888888889 0.020833333333333332 0.03796296296296296
15 0.8619791666666666 0.4828703703703704 0.022916666666666665 0.03796296296296296
26 0.8721354166666667 0.5013888888888889 0.021354166666666667 0.03796296296296296
20 0.8841145833333334 0.4828703703703704 0.022395833333333334 0.03796296296296296
20 0.8932291666666666 0.5018518518518519 0.021875 0.03888888888888889
6 0.9057291666666667 0.4828703703703704 0.021875 0.03796296296296296
27 0.49895833333333334 0.47314814814814815 0.9375 0.3537037037037037
