0 0.43984375 0.861574074074074 0.019270833333333334 0.275
8 0.47630208333333335 0.9884259259259259 0.022395833333333334 0.021296296296296296
0 0.6151041666666667 0.7976851851851852 0.021875 0.15648148148148147
14 0.5130208333333334 0.9648148148148148 0.06041666666666667 0.06851851851851852
14 0.5390625 0.9902777777777778 0.021875 0.017592592592592594
4 0.5731770833333333 0.9629629629629629 0.06197916666666667 0.07222222222222222
5 0.6028645833333334 0.9925925925925926 0.0234375 0.012962962962962963
12 0.6361979166666667 0.961574074074074 0.06510416666666667 0.075
17 0.6677083333333333 0.9930555555555556 0.021875 0.012037037037037037
27 0.49973958333333335 0.7569444444444444 0.5692708333333333 0.4842592592592593
