12 0.3416666666666667 0.7958333333333333 0.021875 0.03611111111111111
13 0.4356770833333333 0.7787037037037037 0.021354166666666667 0.037037037037037035
3 0.42552083333333335 0.7962962962962963 0.021875 0.037037037037037035
26 0.41484375 0.7787037037037037 0.021354166666666667 0.037037037037037035
18 0.4044270833333333 0.7962962962962963 0.021354166666666667 0.037037037037037035
4 0.39427083333333335 0.7791666666666667 0.021875 0.03611111111111111
25 0.38359375 0.7958333333333333 0.021354166666666667 0.03611111111111111
9 0.3734375 0.7791666666666667 0.020833333333333332 0.03611111111111111
8 0.36276041666666664 0.7962962962962963 0.021354166666666667 0.037037037037037035
18 0.35260416666666666 0.7791666666666667 0.021875 0.03796296296296296
27 0.5005208333333333 0.7814814814814814 0.90625 0.3574074074074074
