0 0.6731770833333334 0.49074074074074076 0.019270833333333334 0.4185185185185185
22 0.30078125 0.8606481481481482 0.06510416666666667 0.10462962962962963
0 0.328125 0.3611111111111111 0.026041666666666668 0.1574074074074074
23 0.33671875 0.8157407407407408 0.0640625 0.10740740740740741
16 0.3651041666666667 0.8606481481481482 0.06458333333333334 0.10462962962962963
14 0.39791666666666664 0.8148148148148148 0.059375 0.10740740740740741
18 0.42734375 0.8629629629629629 0.0609375 0.10555555555555556
1 0.45703125 0.812037037037037 0.059895833333333336 0.10555555555555556
10 0.48723958333333334 0.8662037037037037 0.059895833333333336 0.10648148148148148
13 0.51796875 0.8092592592592592 0.06302083333333333 0.10555555555555556
27 0.49973958333333335 0.575925925925926 0.5692708333333333 0.8462962962962963
