0 0.9174479166666667 0.16527777777777777 0.005729166666666666 0.14907407407407408
24 0.68359375 0.2689814814814815 0.022395833333333334 0.03796296296296296
24 0.5864583333333333 0.24953703703703703 0.021875 0.03796296296296296
0 0.9377604166666667 0.11898148148148148 0.0067708333333333336 0.05648148148148148
1 0.5971354166666667 0.26805555555555555 0.022395833333333334 0.03796296296296296
13 0.6078125 0.24861111111111112 0.021875 0.03796296296296296
6 0.6190104166666667 0.26851851851851855 0.022395833333333334 0.03888888888888889
3 0.6291666666666667 0.24861111111111112 0.021875 0.03796296296296296
16 0.6403645833333333 0.26851851851851855 0.022395833333333334 0.03888888888888889
21 0.65078125 0.24861111111111112 0.022395833333333334 0.03796296296296296
10 0.6619791666666667 0.26851851851851855 0.021875 0.037037037037037035
25 0.6721354166666667 0.2490740740740741 0.022395833333333334 0.03888888888888889
27 0.49895833333333334 0.2212962962962963 0.9375 0.37592592592592594
