0 0.9174479166666667 0.5314814814814814 0.005729166666666666 0.14814814814814814
14 0.20989583333333334 0.6189814814814815 0.021875 0.03796296296296296
0 0.92578125 0.5120370370370371 0.005729166666666666 0.05555555555555555
1 0.22161458333333334 0.6375 0.022395833333333334 0.03796296296296296
21 0.23125 0.6189814814814815 0.021875 0.03796296296296296
9 0.24322916666666666 0.6375 0.021875 0.03796296296296296
22 0.253125 0.6185185185185185 0.021875 0.037037037037037035
11 0.26484375 0.6375 0.022395833333333334 0.03796296296296296
23 0.27447916666666666 0.6185185185185185 0.021875 0.037037037037037035
24 0.28619791666666666 0.6375 0.022395833333333334 0.03796296296296296
23 0.29609375 0.6189814814814815 0.022395833333333334 0.03796296296296296
27 0.49895833333333334 0.5782407407407407 0.9375 0.3527777777777778
