0 0.8768229166666667 0.6074074074074074 0.005729166666666666 0.14814814814814814
3 0.6893229166666667 0.5893518518518519 0.022395833333333334 0.03796296296296296
0 0.9049479166666666 0.5648148148148148 0.005729166666666666 0.05555555555555555
13 0.70078125 0.5703703703703704 0.022395833333333334 0.03888888888888889
17 0.7106770833333333 0.5893518518518519 0.022395833333333334 0.03796296296296296
7 0.7223958333333333 0.5699074074074074 0.021875 0.03796296296296296
9 0.7322916666666667 0.5893518518518519 0.021875 0.03796296296296296
22 0.7440104166666667 0.5699074074074074 0.022395833333333334 0.03796296296296296
2 0.7536458333333333 0.5893518518518519 0.021875 0.03796296296296296
7 0.765625 0.5703703703703704 0.021875 0.03888888888888889
27 0.49895833333333334 0.6560185185185186 0.9375 0.3527777777777778
