25 0.278125 0.43333333333333335 0.021875 0.037037037037037035
17 0.2677083333333333 0.45092592592592595 0.021875 0.037037037037037035
6 0.25755208333333335 0.43333333333333335 0.021354166666666667 0.037037037037037035
22 0.246875 0.45092592592592595 0.021875 0.037037037037037035
9 0.23697916666666666 0.43287037037037035 0.021875 0.03611111111111111
21 0.22578125 0.45092592592592595 0.021354166666666667 0.037037037037037035
8 0.21588541666666666 0.4324074074074074 0.021354166666666667 0.037037037037037035
12 0.2046875 0.45092592592592595 0.021875 0.037037037037037035
21 0.19505208333333332 0.43333333333333335 0.021354166666666667 0.037037037037037035
27 0.5005208333333333 0.3625 0.90625 0.3416666666666667
