0 0.8565104166666667 0.2953703703703704 0.005729166666666666 0.14814814814814814
9 0.06848958333333334 0.3976851851851852 0.022395833333333334 0.03796296296296296
0 0.8770833333333333 0.24861111111111112 0.00625 0.05648148148148148
14 0.08098958333333334 0.37916666666666665 0.022395833333333334 0.03796296296296296
26 0.09010416666666667 0.39814814814814814 0.021875 0.03888888888888889
9 0.10260416666666666 0.37916666666666665 0.021875 0.03796296296296296
7 0.11171875 0.39814814814814814 0.022395833333333334 0.03888888888888889
21 0.12395833333333334 0.37916666666666665 0.021875 0.03796296296296296
4 0.13307291666666668 0.39814814814814814 0.022395833333333334 0.03888888888888889
27 0.49895833333333334 0.3402777777777778 0.9375 0.3527777777777778
