0 0.8565104166666667 0.5013888888888889 0.005729166666666666 0.14722222222222223
1 0.3020833333333333 0.49444444444444446 0.01875 0.037037037037037035
0 0.8854166666666666 0.45416666666666666 0.00625 0.05648148148148148
19 0.31171875 0.513425925925926 0.021354166666666667 0.03796296296296296
24 0.3223958333333333 0.4949074074074074 0.022916666666666665 0.03796296296296296
8 0.33255208333333336 0.513425925925926 0.022395833333333334 0.03796296296296296
2 0.34401041666666665 0.4949074074074074 0.022395833333333334 0.03796296296296296
23 0.3541666666666667 0.513425925925926 0.021875 0.03796296296296296
1 0.3653645833333333 0.4949074074074074 0.022395833333333334 0.03796296296296296
1 0.37578125 0.513425925925926 0.022395833333333334 0.03796296296296296
6 0.38697916666666665 0.4949074074074074 0.021875 0.03796296296296296
27 0.49895833333333334 0.5486111111111112 0.9375 0.3527777777777778
