0 0.4171875 0.1912037037037037 0.01875 0.3824074074074074
26 0.32838541666666665 0.03935185185185185 0.0640625 0.0787037037037037
0 0.47369791666666666 0.0625 0.0171875 0.125
13 0.35651041666666666 0.0875 0.06510416666666667 0.10462962962962963
13 0.39166666666666666 0.03935185185185185 0.06354166666666666 0.0787037037037037
4 0.42109375 0.08796296296296297 0.06510416666666667 0.10555555555555556
16 0.453125 0.03981481481481482 0.06145833333333333 0.07962962962962963
7 0.48359375 0.08518518518518518 0.0609375 0.10555555555555556
8 0.51328125 0.041666666666666664 0.059895833333333336 0.08333333333333333
17 0.5432291666666667 0.08101851851851852 0.059375 0.10648148148148148
9 0.5739583333333333 0.04351851851851852 0.0625 0.08703703703703704
27 0.49973958333333335 0.42962962962962964 0.5692708333333333 0.8592592592592593
