0 0.6416666666666667 0.8782407407407408 0.019791666666666666 0.24166666666666667
26 0.4315104166666667 0.9888888888888889 0.030729166666666665 0.020370370370370372
0 0.35989583333333336 0.8324074074074074 0.021875 0.1537037037037037
23 0.46328125 0.9583333333333334 0.06510416666666667 0.08148148148148149
19 0.49557291666666664 0.9893518518518518 0.0328125 0.019444444444444445
15 0.52734375 0.9578703703703704 0.06510416666666667 0.0824074074074074
3 0.5578125 0.9893518518518518 0.03125 0.019444444444444445
3 0.5919270833333333 0.9578703703703704 0.06510416666666667 0.0824074074074074
8 0.621875 0.9893518518518518 0.029166666666666667 0.019444444444444445
26 0.65390625 0.9587962962962963 0.0609375 0.08055555555555556
27 0.49973958333333335 0.7601851851851852 0.5692708333333333 0.4777777777777778
