0 0.9046875 0.8712962962962963 0.005208333333333333 0.14814814814814814
21 0.3072916666666667 0.8273148148148148 0.021875 0.03796296296296296
0 0.89609375 0.8208333333333333 0.0067708333333333336 0.05648148148148148
2 0.3171875 0.8074074074074075 0.021875 0.03888888888888889
25 0.32864583333333336 0.8273148148148148 0.021875 0.03796296296296296
6 0.3385416666666667 0.8069444444444445 0.021875 0.03796296296296296
23 0.35 0.8273148148148148 0.021875 0.03796296296296296
23 0.36015625 0.8069444444444445 0.022395833333333334 0.03796296296296296
26 0.37135416666666665 0.8273148148148148 0.021875 0.03796296296296296
27 0.49895833333333334 0.8462962962962963 0.9375 0.3055555555555556
