0 0.8958333333333334 0.09814814814814815 0.00625 0.14814814814814814
14 0.5010416666666667 0.1050925925925926 0.021875 0.03796296296296296
0 0.9177083333333333 0.05277777777777778 0.00625 0.05555555555555555
24 0.51171875 0.08518518518518518 0.022395833333333334 0.03888888888888889
13 0.52265625 0.1050925925925926 0.022395833333333334 0.03796296296296296
1 0.5333333333333333 0.08518518518518518 0.021875 0.03888888888888889
9 0.5442708333333334 0.1050925925925926 0.021875 0.03796296296296296
8 0.5549479166666667 0.08564814814814815 0.022395833333333334 0.03796296296296296
22 0.565625 0.10462962962962963 0.021875 0.03888888888888889
27 0.49895833333333334 0.17731481481481481 0.9375 0.35462962962962963
