0 0.92578125 0.8356481481481481 0.005729166666666666 0.14722222222222223
13 0.6997395833333333 0.8449074074074074 0.022395833333333334 0.03796296296296296
0 0.86640625 0.7657407407407407 0.0067708333333333336 0.05555555555555555
22 0.7098958333333333 0.8273148148148148 0.021875 0.03796296296296296
21 0.7213541666666666 0.8449074074074074 0.021875 0.03796296296296296
6 0.73125 0.8273148148148148 0.021875 0.03796296296296296
11 0.7427083333333333 0.8449074074074074 0.021875 0.03796296296296296
24 0.7526041666666666 0.8273148148148148 0.021875 0.03796296296296296
23 0.7643229166666666 0.8444444444444444 0.022395833333333334 0.03888888888888889
27 0.49895833333333334 0.8222222222222222 0.9375 0.3537037037037037
