0 0.2669270833333333 0.18009259259259258 0.018229166666666668 0.36018518518518516
21 0.34010416666666665 0.18611111111111112 0.06145833333333333 0.10740740740740741
0 0.36015625 0.05740740740740741 0.0203125 0.11481481481481481
5 0.3684895833333333 0.1398148148148148 0.06302083333333333 0.10555555555555556
3 0.39947916666666666 0.1884259259259259 0.059375 0.10648148148148148
11 0.42942708333333335 0.13657407407407407 0.0609375 0.10648148148148148
6 0.4591145833333333 0.19166666666666668 0.0609375 0.10555555555555556
15 0.4901041666666667 0.1337962962962963 0.06145833333333333 0.10648148148148148
14 0.52109375 0.19305555555555556 0.06510416666666667 0.10462962962962963
27 0.49973958333333335 0.4185185185185185 0.5692708333333333 0.837037037037037
