0 0.8658854166666666 0.8217592592592593 0.005729166666666666 0.14722222222222223
3 0.5364583333333334 0.8078703703703703 0.021875 0.03796296296296296
0 0.8770833333333333 0.7824074074074074 0.00625 0.05555555555555555
26 0.546875 0.8273148148148148 0.021875 0.03796296296296296
7 0.5578125 0.8078703703703703 0.021875 0.03796296296296296
9 0.5684895833333333 0.8273148148148148 0.022395833333333334 0.03796296296296296
15 0.5794270833333334 0.8078703703703703 0.022395833333333334 0.03796296296296296
23 0.58984375 0.8273148148148148 0.022395833333333334 0.03796296296296296
9 0.6010416666666667 0.8069444444444445 0.021875 0.03796296296296296
25 0.6114583333333333 0.8273148148148148 0.021875 0.03796296296296296
8 0.62265625 0.8074074074074075 0.022395833333333334 0.03888888888888889
27 0.49895833333333334 0.8287037037037037 0.9375 0.34074074074074073
