6 0.75 0.21481481481481482 0.021875 0.037037037037037035
15 0.7403645833333333 0.23333333333333334 0.021354166666666667 0.037037037037037035
11 0.7291666666666666 0.21481481481481482 0.020833333333333332 0.037037037037037035
20 0.7192708333333333 0.23333333333333334 0.021875 0.037037037037037035
6 0.7080729166666667 0.21481481481481482 0.021354166666666667 0.037037037037037035
20 0.6981770833333333 0.23333333333333334 0.021354166666666667 0.037037037037037035
20 0.6872395833333333 0.21481481481481482 0.021354166666666667 0.037037037037037035
18 0.67734375 0.23333333333333334 0.021354166666666667 0.037037037037037035
17 0.66640625 0.21481481481481482 0.021354166666666667 0.037037037037037035
27 0.5005208333333333 0.2935185185185185 0.90625 0.34629629629629627
