0 0.8565104166666667 0.41388888888888886 0.005729166666666666 0.14814814814814814
2 0.6114583333333333 0.4013888888888889 0.021875 0.03796296296296296
12 0.5145833333333333 0.38287037037037036 0.021875 0.03796296296296296
0 0.9260416666666667 0.40185185185185185 0.00625 0.05555555555555555
21 0.5252604166666667 0.4013888888888889 0.022395833333333334 0.03796296296296296
5 0.5361979166666667 0.38287037037037036 0.022395833333333334 0.03796296296296296
9 0.546875 0.4013888888888889 0.021875 0.03796296296296296
21 0.5578125 0.38287037037037036 0.021875 0.03796296296296296
25 0.5682291666666667 0.4013888888888889 0.021875 0.03796296296296296
16 0.5794270833333334 0.38333333333333336 0.022395833333333334 0.037037037037037035
7 0.5895833333333333 0.4013888888888889 0.021875 0.03796296296296296
18 0.60078125 0.38287037037037036 0.022395833333333334 0.03796296296296296
27 0.49895833333333334 0.46296296296296297 0.9375 0.3537037037037037
