4 0.5908854166666667 0.5990740740740741 0.021354166666666667 0.037037037037037035
13 0.68515625 0.5814814814814815 0.021354166666666667 0.037037037037037035
13 0.675 0.5990740740740741 0.021875 0.037037037037037035
7 0.6643229166666667 0.5805555555555556 0.021354166666666667 0.037037037037037035
2 0.65390625 0.5986111111111111 0.021354166666666667 0.03611111111111111
7 0.6434895833333333 0.5810185185185185 0.021354166666666667 0.03796296296296296
1 0.6330729166666667 0.5990740740740741 0.021354166666666667 0.037037037037037035
12 0.62265625 0.5810185185185185 0.021354166666666667 0.03611111111111111
26 0.6119791666666666 0.5990740740740741 0.021875 0.037037037037037035
8 0.6018229166666667 0.5810185185185185 0.021354166666666667 0.03611111111111111
27 0.5005208333333333 0.6754629629629629 0.90625 0.3416666666666667
