0 0.8958333333333334 0.8638888888888889 0.00625 0.14814814814814814
14 0.23177083333333334 0.9782407407407407 0.021875 0.03796296296296296
0 0.87734375 0.8231481481481482 0.005729166666666666 0.05555555555555555
15 0.24348958333333334 0.962037037037037 0.022395833333333334 0.03888888888888889
12 0.253125 0.9782407407407407 0.021875 0.03796296296296296
7 0.26510416666666664 0.962037037037037 0.021875 0.03888888888888889
6 0.2747395833333333 0.9782407407407407 0.022395833333333334 0.03796296296296296
9 0.2864583333333333 0.961574074074074 0.021875 0.03796296296296296
19 0.29635416666666664 0.9782407407407407 0.021875 0.03796296296296296
2 0.30807291666666664 0.961574074074074 0.022395833333333334 0.03796296296296296
27 0.49895833333333334 0.8449074074074074 0.9375 0.30833333333333335
