0 0.9169270833333333 0.6111111111111112 0.0067708333333333336 0.14814814814814814
9 0.5734375 0.5949074074074074 0.021875 0.03796296296296296
12 0.47630208333333335 0.575462962962963 0.022395833333333334 0.03796296296296296
0 0.87734375 0.5643518518518519 0.0067708333333333336 0.05648148148148148
18 0.48723958333333334 0.5949074074074074 0.022395833333333334 0.03796296296296296
12 0.4979166666666667 0.575462962962963 0.021875 0.03796296296296296
14 0.50859375 0.5949074074074074 0.022395833333333334 0.03796296296296296
24 0.5192708333333333 0.575462962962963 0.021875 0.03796296296296296
11 0.5302083333333333 0.5949074074074074 0.021875 0.03796296296296296
5 0.5411458333333333 0.575462962962963 0.021875 0.03796296296296296
5 0.5518229166666667 0.5949074074074074 0.022395833333333334 0.03796296296296296
23 0.5625 0.575462962962963 0.021875 0.03796296296296296
27 0.49895833333333334 0.6560185185185186 0.9375 0.3527777777777778
