0 0.6140625 0.28379629629629627 0.019791666666666666 0.41944444444444445
19 0.45598958333333334 0.5504629629629629 0.059895833333333336 0.10648148148148148
0 0.6427083333333333 0.15185185185185185 0.021875 0.15555555555555556
15 0.4861979166666667 0.6027777777777777 0.059895833333333336 0.10555555555555556
9 0.5161458333333333 0.55 0.06145833333333333 0.10555555555555556
10 0.5463541666666667 0.6037037037037037 0.06145833333333333 0.10740740740740741
20 0.5783854166666667 0.549537037037037 0.06510416666666667 0.10462962962962963
3 0.6083333333333333 0.6037037037037037 0.06354166666666666 0.10740740740740741
15 0.64296875 0.549537037037037 0.06510416666666667 0.10462962962962963
17 0.6713541666666667 0.6037037037037037 0.06354166666666666 0.10740740740740741
27 0.49973958333333335 0.4875 0.5692708333333333 0.975
