0 0.8565104166666667 0.2361111111111111 0.005729166666666666 0.14814814814814814
19 0.06640625 0.375 0.021354166666666667 0.03888888888888889
0 0.9377604166666667 0.19305555555555556 0.0067708333333333336 0.05648148148148148
25 0.07734375 0.39351851851851855 0.0234375 0.037037037037037035
3 0.0875 0.37546296296296294 0.021875 0.03796296296296296
19 0.09947916666666666 0.39351851851851855 0.022916666666666665 0.03888888888888889
11 0.10885416666666667 0.37546296296296294 0.021875 0.03796296296296296
18 0.12109375 0.39351851851851855 0.022395833333333334 0.03888888888888889
2 0.13046875 0.37546296296296294 0.022395833333333334 0.03796296296296296
22 0.14270833333333333 0.39351851851851855 0.021875 0.03888888888888889
11 0.15182291666666667 0.37546296296296294 0.022395833333333334 0.03796296296296296
27 0.49895833333333334 0.2875 0.9375 0.36018518518518516
