16 0.25494791666666666 0.49166666666666664 0.021354166666666667 0.037037037037037035
17 0.34921875 0.4740740740740741 0.021354166666666667 0.037037037037037035
8 0.33828125 0.49166666666666664 0.021354166666666667 0.037037037037037035
10 0.328125 0.4740740740740741 0.021875 0.037037037037037035
7 0.31744791666666666 0.49166666666666664 0.021354166666666667 0.037037037037037035
9 0.30703125 0.4740740740740741 0.021354166666666667 0.037037037037037035
24 0.29661458333333335 0.49166666666666664 0.021354166666666667 0.037037037037037035
20 0.2859375 0.4740740740740741 0.021875 0.037037037037037035
11 0.27578125 0.49166666666666664 0.021354166666666667 0.037037037037037035
25 0.26484375 0.4740740740740741 0.021354166666666667 0.037037037037037035
27 0.5005208333333333 0.5375 0.90625 0.3416666666666667
