0 0.3033854166666667 0.3384259259259259 0.019270833333333334 0.4101851851851852
10 0.30625 0.2125 0.065625 0.10462962962962963
0 0.6427083333333333 0.21898148148148147 0.021875 0.15462962962962962
13 0.34036458333333336 0.25925925925925924 0.0609375 0.10740740740740741
2 0.3692708333333333 0.2111111111111111 0.0625 0.10555555555555556
2 0.39947916666666666 0.26157407407407407 0.059375 0.10648148148148148
19 0.42994791666666665 0.20879629629629629 0.0609375 0.10648148148148148
19 0.4596354166666667 0.2638888888888889 0.06197916666666667 0.10555555555555556
1 0.490625 0.20694444444444443 0.0625 0.10648148148148148
3 0.5221354166666666 0.2652777777777778 0.06510416666666667 0.10462962962962963
27 0.49973958333333335 0.49953703703703706 0.5692708333333333 0.9990740740740741
