0 0.8770833333333333 0.08148148148148149 0.005208333333333333 0.14814814814814814
3 0.6354166666666666 0.19675925925925927 0.021875 0.03796296296296296
0 0.9377604166666667 0.03657407407407407 0.0067708333333333336 0.05648148148148148
5 0.6466145833333333 0.17916666666666667 0.022395833333333334 0.03796296296296296
18 0.6572916666666667 0.19675925925925927 0.022916666666666665 0.03796296296296296
6 0.6682291666666667 0.1787037037037037 0.021875 0.03888888888888889
5 0.67890625 0.19768518518518519 0.022395833333333334 0.03796296296296296
7 0.6890625 0.17824074074074073 0.021875 0.03796296296296296
24 0.70078125 0.19768518518518519 0.022395833333333334 0.03796296296296296
5 0.7106770833333333 0.17824074074074073 0.022395833333333334 0.03796296296296296
27 0.49895833333333334 0.17037037037037037 0.9375 0.34074074074074073
