0 0.8958333333333334 0.175 0.00625 0.14814814814814814
5 0.5330729166666667 0.2074074074074074 0.022395833333333334 0.03888888888888889
0 0.86640625 0.13148148148148148 0.0067708333333333336 0.05555555555555555
20 0.5440104166666667 0.19027777777777777 0.022395833333333334 0.03796296296296296
19 0.5546875 0.2074074074074074 0.021875 0.03888888888888889
11 0.565625 0.18935185185185185 0.021875 0.03796296296296296
21 0.5763020833333333 0.20787037037037037 0.022395833333333334 0.03796296296296296
2 0.5869791666666667 0.18888888888888888 0.021875 0.03888888888888889
10 0.5981770833333333 0.20879629629629629 0.022395833333333334 0.03796296296296296
8 0.6083333333333333 0.1884259259259259 0.021875 0.03796296296296296
27 0.49895833333333334 0.22870370370370371 0.9375 0.37407407407407406
