0 0.6942708333333333 0.45092592592592595 0.017708333333333333 0.40925925925925927
2 0.4122395833333333 0.6486111111111111 0.06510416666666667 0.10462962962962963
0 0.38645833333333335 0.31666666666666665 0.021875 0.1574074074074074
18 0.44609375 0.7050925925925926 0.0640625 0.10648148148148148
23 0.47682291666666665 0.6486111111111111 0.06510416666666667 0.10462962962962963
19 0.5083333333333333 0.7046296296296296 0.0625 0.10740740740740741
7 0.53984375 0.649074074074074 0.06197916666666667 0.10555555555555556
21 0.5692708333333333 0.7032407407407407 0.06041666666666667 0.10648148148148148
22 0.5994791666666667 0.65 0.059375 0.10555555555555556
13 0.6299479166666667 0.7013888888888888 0.06197916666666667 0.10462962962962963
11 0.65859375 0.6518518518518519 0.059895833333333336 0.10740740740740741
27 0.49973958333333335 0.5569444444444445 0.5692708333333333 0.8842592592592593
