0 0.9369791666666667 0.2967592592592593 0.007291666666666667 0.14907407407407408
7 0.17578125 0.3087962962962963 0.022395833333333334 0.03796296296296296
0 0.9252604166666667 0.2740740740740741 0.0067708333333333336 0.05555555555555555
12 0.18828125 0.2912037037037037 0.022395833333333334 0.03425925925925926
11 0.19713541666666667 0.3087962962962963 0.022395833333333334 0.03796296296296296
15 0.20963541666666666 0.29074074074074074 0.021354166666666667 0.037037037037037035
21 0.21927083333333333 0.3087962962962963 0.022916666666666665 0.03796296296296296
7 0.23072916666666668 0.2902777777777778 0.021875 0.03796296296296296
5 0.24140625 0.30833333333333335 0.022395833333333334 0.037037037037037035
17 0.2520833333333333 0.29074074074074074 0.021875 0.037037037037037035
27 0.49895833333333334 0.33935185185185185 0.9375 0.3527777777777778
