0 0.8565104166666667 0.09814814814814815 0.005729166666666666 0.14814814814814814
24 0.775 0.15787037037037038 0.021875 0.03796296296296296
0 0.8661458333333333 0.052314814814814814 0.005208333333333333 0.05648148148148148
7 0.7872395833333333 0.14027777777777778 0.022395833333333334 0.03796296296296296
16 0.7966145833333333 0.1574074074074074 0.022395833333333334 0.03888888888888889
10 0.80859375 0.14027777777777778 0.022395833333333334 0.03796296296296296
5 0.8184895833333333 0.15787037037037038 0.022395833333333334 0.03796296296296296
3 0.8302083333333333 0.14027777777777778 0.021875 0.03796296296296296
7 0.8401041666666667 0.15787037037037038 0.022916666666666665 0.03796296296296296
8 0.8513020833333333 0.13935185185185187 0.021354166666666667 0.03796296296296296
27 0.49895833333333334 0.17685185185185184 0.9375 0.3537037037037037
