25 0.5669270833333333 0.8388888888888889 0.021354166666666667 0.037037037037037035
7 0.5565104166666667 0.8555555555555555 0.021354166666666667 0.037037037037037035
5 0.54609375 0.8388888888888889 0.021354166666666667 0.037037037037037035
10 0.5356770833333333 0.8560185185185185 0.021354166666666667 0.03611111111111111
19 0.5252604166666667 0.8384259259259259 0.021354166666666667 0.03611111111111111
9 0.51484375 0.8564814814814815 0.021354166666666667 0.037037037037037035
2 0.5041666666666667 0.8384259259259259 0.021875 0.03611111111111111
10 0.4940104166666667 0.8564814814814815 0.021354166666666667 0.037037037037037035
16 0.48333333333333334 0.8379629629629629 0.021875 0.037037037037037035
27 0.5005208333333333 0.8393518518518519 0.90625 0.3194444444444444
