0 0.3265625 0.2875 0.019791666666666666 0.41944444444444445
6 0.40651041666666665 0.6986111111111111 0.06510416666666667 0.10462962962962963
0 0.3859375 0.1476851851851852 0.020833333333333332 0.15648148148148147
25 0.43984375 0.6509259259259259 0.0640625 0.10740740740740741
2 0.4705729166666667 0.6986111111111111 0.06510416666666667 0.10462962962962963
10 0.5028645833333333 0.6504629629629629 0.0640625 0.10648148148148148
21 0.53515625 0.6986111111111111 0.06510416666666667 0.10462962962962963
4 0.5651041666666666 0.6504629629629629 0.0625 0.10648148148148148
1 0.5973958333333333 0.6995370370370371 0.06041666666666667 0.10462962962962963
1 0.6263020833333334 0.649074074074074 0.0609375 0.10555555555555556
27 0.49973958333333335 0.48564814814814816 0.5692708333333333 0.9712962962962963
