0 0.8658854166666666 0.8939814814814815 0.005729166666666666 0.14722222222222223
11 0.29244791666666664 0.9384259259259259 0.022395833333333334 0.03796296296296296
0 0.9049479166666666 0.8518518518518519 0.005729166666666666 0.05555555555555555
12 0.30416666666666664 0.9217592592592593 0.021875 0.03796296296296296
23 0.3140625 0.9384259259259259 0.021875 0.03796296296296296
3 0.3255208333333333 0.9212962962962963 0.021875 0.03888888888888889
9 0.33541666666666664 0.9384259259259259 0.021875 0.03796296296296296
13 0.346875 0.9217592592592593 0.021875 0.03796296296296296
1 0.35703125 0.9384259259259259 0.022395833333333334 0.03796296296296296
27 0.49895833333333334 0.8574074074074074 0.9375 0.2833333333333333
