0 0.8565104166666667 0.8944444444444445 0.005729166666666666 0.14814814814814814
15 0.65078125 0.8416666666666667 0.022395833333333334 0.03888888888888889
0 0.8770833333333333 0.8453703703703703 0.00625 0.05555555555555555
13 0.6622395833333333 0.8217592592592593 0.022395833333333334 0.03796296296296296
5 0.6723958333333333 0.8416666666666667 0.021875 0.03888888888888889
4 0.6838541666666667 0.8217592592592593 0.021875 0.03796296296296296
3 0.69375 0.8416666666666667 0.021875 0.03888888888888889
8 0.70546875 0.8217592592592593 0.022395833333333334 0.03796296296296296
22 0.7151041666666667 0.8416666666666667 0.021875 0.03888888888888889
27 0.49895833333333334 0.8555555555555555 0.9375 0.28703703703703703
