0 0.6419270833333334 0.2740740740740741 0.019270833333333334 0.40925925925925927
13 0.4864583333333333 0.4300925925925926 0.06041666666666667 0.10648148148148148
0 0.6953125 0.13796296296296295 0.019791666666666666 0.1537037037037037
10 0.5166666666666667 0.4824074074074074 0.06145833333333333 0.10555555555555556
17 0.546875 0.42962962962962964 0.0625 0.10740740740740741
6 0.5794270833333334 0.4828703703703704 0.06510416666666667 0.10462962962962963
4 0.609375 0.42916666666666664 0.06354166666666666 0.10648148148148148
13 0.6440104166666667 0.4824074074074074 0.06510416666666667 0.10555555555555556
22 0.6721354166666667 0.42916666666666664 0.0640625 0.10648148148148148
27 0.49973958333333335 0.4759259259259259 0.5692708333333333 0.9518518518518518
