0 0.8565104166666667 0.25277777777777777 0.005729166666666666 0.14814814814814814
1 0.5276041666666667 0.3476851851851852 0.021875 0.03796296296296296
0 0.8661458333333333 0.2064814814814815 0.00625 0.05555555555555555
4 0.5385416666666667 0.3296296296296296 0.021875 0.037037037037037035
15 0.54921875 0.3476851851851852 0.022395833333333334 0.03796296296296296
6 0.56015625 0.3296296296296296 0.022395833333333334 0.03888888888888889
22 0.5708333333333333 0.3476851851851852 0.021875 0.03796296296296296
22 0.5817708333333333 0.3296296296296296 0.021875 0.03888888888888889
2 0.5921875 0.3476851851851852 0.021875 0.03796296296296296
6 0.6033854166666667 0.3300925925925926 0.022395833333333334 0.03796296296296296
27 0.49895833333333334 0.30092592592592593 0.9375 0.35555555555555557
