0 0.8658854166666666 0.7791666666666667 0.005729166666666666 0.14722222222222223
8 0.72890625 0.7898148148148149 0.021354166666666667 0.03888888888888889
5 0.6317708333333333 0.7717592592592593 0.021875 0.03796296296296296
0 0.9375 0.7384259259259259 0.00625 0.05648148148148148
17 0.64296875 0.7893518518518519 0.022395833333333334 0.03796296296296296
12 0.653125 0.7717592592592593 0.021875 0.03796296296296296
22 0.6645833333333333 0.7893518518518519 0.021875 0.03796296296296296
18 0.6744791666666666 0.7722222222222223 0.021875 0.03888888888888889
6 0.6861979166666666 0.7893518518518519 0.022395833333333334 0.03796296296296296
24 0.69609375 0.7717592592592593 0.022395833333333334 0.03796296296296296
1 0.7078125 0.7893518518518519 0.021875 0.03796296296296296
23 0.71796875 0.7717592592592593 0.022395833333333334 0.03796296296296296
27 0.49895833333333334 0.8111111111111111 0.9375 0.37592592592592594
