0 0.9260416666666667 0.1648148148148148 0.005208333333333333 0.14814814814814814
17 0.6278645833333333 0.27870370370370373 0.022395833333333334 0.03888888888888889
0 0.9049479166666666 0.0912037037037037 0.005729166666666666 0.05648148148148148
12 0.6390625 0.26064814814814813 0.021875 0.03796296296296296
26 0.64921875 0.27870370370370373 0.022395833333333334 0.03888888888888889
20 0.6606770833333333 0.26064814814814813 0.022395833333333334 0.03796296296296296
24 0.6708333333333333 0.27824074074074073 0.021875 0.03796296296296296
3 0.6825520833333333 0.26064814814814813 0.022395833333333334 0.03796296296296296
25 0.6921875 0.27824074074074073 0.021875 0.03796296296296296
27 0.49895833333333334 0.1962962962962963 0.9375 0.3814814814814815
