0 0.58203125 0.27037037037037037 0.0203125 0.40925925925925927
7 0.31171875 0.49398148148148147 0.06302083333333333 0.10462962962962963
0 0.44140625 0.13703703703703704 0.0234375 0.16111111111111112
12 0.34296875 0.4412037037037037 0.058854166666666666 0.10648148148148148
24 0.3731770833333333 0.4935185185185185 0.0609375 0.10555555555555556
23 0.40208333333333335 0.44166666666666665 0.06145833333333333 0.10555555555555556
15 0.43463541666666666 0.4935185185185185 0.06302083333333333 0.10740740740740741
20 0.46484375 0.44212962962962965 0.06510416666666667 0.10462962962962963
20 0.49713541666666666 0.4935185185185185 0.0640625 0.10740740740740741
27 0.49973958333333335 0.48194444444444445 0.5692708333333333 0.9638888888888889
