0 0.67265625 0.19166666666666668 0.0203125 0.38333333333333336
14 0.34270833333333334 0.36898148148148147 0.058333333333333334 0.10648148148148148
0 0.5557291666666667 0.06157407407407407 0.017708333333333333 0.12314814814814815
19 0.371875 0.31712962962962965 0.06145833333333333 0.10648148148148148
25 0.40130208333333334 0.37037037037037035 0.059895833333333336 0.10555555555555556
4 0.43307291666666664 0.31527777777777777 0.06197916666666667 0.10648148148148148
23 0.4630208333333333 0.37083333333333335 0.06458333333333334 0.10462962962962963
9 0.4953125 0.31527777777777777 0.06354166666666666 0.10648148148148148
12 0.52734375 0.37083333333333335 0.06510416666666667 0.10462962962962963
27 0.49973958333333335 0.43425925925925923 0.5692708333333333 0.8685185185185185
