25 0.6979166666666666 0.1837962962962963 0.021875 0.03611111111111111
4 0.7916666666666666 0.16574074074074074 0.021875 0.037037037037037035
7 0.78125 0.18333333333333332 0.020833333333333332 0.037037037037037035
17 0.7705729166666667 0.16527777777777777 0.021354166666666667 0.03611111111111111
3 0.7606770833333333 0.1837962962962963 0.021354166666666667 0.03796296296296296
16 0.7494791666666667 0.1648148148148148 0.021875 0.037037037037037035
24 0.73984375 0.1837962962962963 0.021354166666666667 0.03611111111111111
15 0.7286458333333333 0.1648148148148148 0.021875 0.037037037037037035
5 0.71875 0.1837962962962963 0.021875 0.03611111111111111
9 0.7075520833333333 0.16527777777777777 0.021354166666666667 0.03611111111111111
27 0.5005208333333333 0.16157407407407406 0.90625 0.32314814814814813
