0 0.43984375 0.12638888888888888 0.019270833333333334 0.25277777777777777
22 0.45703125 0.45740740740740743 0.059895833333333336 0.10555555555555556
3 0.48723958333333334 0.4041666666666667 0.059895833333333336 0.10648148148148148
21 0.51796875 0.45740740740740743 0.06302083333333333 0.10555555555555556
8 0.5481770833333334 0.40370370370370373 0.06302083333333333 0.10740740740740741
14 0.5815104166666667 0.45787037037037037 0.06510416666666667 0.10462962962962963
17 0.6109375 0.40370370370370373 0.06354166666666666 0.10740740740740741
23 0.6458333333333334 0.45740740740740743 0.065625 0.10555555555555556
4 0.6739583333333333 0.4041666666666667 0.06354166666666666 0.10648148148148148
27 0.49973958333333335 0.3597222222222222 0.5692708333333333 0.7194444444444444
