12 0.8169270833333333 0.17685185185185184 0.021354166666666667 0.037037037037037035
20 0.80546875 0.1935185185185185 0.021354166666666667 0.037037037037037035
22 0.79609375 0.17685185185185184 0.021354166666666667 0.037037037037037035
9 0.7846354166666667 0.1935185185185185 0.021354166666666667 0.037037037037037035
25 0.775 0.17685185185185184 0.021875 0.037037037037037035
1 0.7640625 0.1935185185185185 0.021875 0.037037037037037035
5 0.7541666666666667 0.1763888888888889 0.021875 0.03611111111111111
2 0.74296875 0.1935185185185185 0.021354166666666667 0.037037037037037035
18 0.7330729166666666 0.1763888888888889 0.021354166666666667 0.03611111111111111
27 0.5005208333333333 0.15324074074074073 0.90625 0.30648148148148147
