15 0.26171875 0.449537037037037 0.021354166666666667 0.03611111111111111
11 0.2520833333333333 0.4675925925925926 0.021875 0.037037037037037035
12 0.24088541666666666 0.449537037037037 0.021354166666666667 0.03611111111111111
19 0.23125 0.4671296296296296 0.021875 0.03611111111111111
22 0.22005208333333334 0.449537037037037 0.021354166666666667 0.03611111111111111
2 0.21015625 0.4675925925925926 0.021354166666666667 0.037037037037037035
13 0.19921875 0.449537037037037 0.021354166666666667 0.03611111111111111
3 0.1890625 0.4671296296296296 0.021875 0.03796296296296296
26 0.17864583333333334 0.44907407407407407 0.020833333333333332 0.037037037037037035
27 0.5005208333333333 0.4583333333333333 0.90625 0.34074074074074073
