0 0.43984375 0.5592592592592592 0.019270833333333334 0.4185185185185185
9 0.390625 0.8328703703703704 0.06354166666666666 0.10648148148148148
0 0.47317708333333336 0.4361111111111111 0.021354166666666667 0.1537037037037037
26 0.4200520833333333 0.7736111111111111 0.06510416666666667 0.10462962962962963
15 0.45260416666666664 0.8324074074074074 0.06145833333333333 0.10740740740740741
26 0.4828125 0.774537037037037 0.06145833333333333 0.10462962962962963
16 0.5130208333333334 0.8300925925925926 0.06041666666666667 0.10648148148148148
1 0.54296875 0.7773148148148148 0.059895833333333336 0.10648148148148148
10 0.5731770833333333 0.8268518518518518 0.06197916666666667 0.10555555555555556
27 0.49973958333333335 0.6171296296296296 0.5692708333333333 0.7638888888888888
