0 0.3265625 0.5097222222222222 0.019791666666666666 0.41944444444444445
10 0.3809895833333333 0.6550925925925926 0.0640625 0.10648148148148148
0 0.5557291666666667 0.37453703703703706 0.020833333333333332 0.15648148148148147
17 0.41067708333333336 0.5995370370370371 0.06510416666666667 0.10462962962962963
19 0.44427083333333334 0.6555555555555556 0.06354166666666666 0.10740740740740741
19 0.4752604166666667 0.5995370370370371 0.06510416666666667 0.10462962962962963
17 0.50703125 0.6555555555555556 0.06302083333333333 0.10740740740740741
21 0.5385416666666667 0.600462962962963 0.06354166666666666 0.10462962962962963
23 0.5684895833333333 0.6541666666666667 0.0609375 0.10648148148148148
15 0.5989583333333334 0.600925925925926 0.059375 0.10555555555555556
27 0.49973958333333335 0.5851851851851851 0.5692708333333333 0.8277777777777777
