0 0.9375 0.737037037037037 0.00625 0.14814814814814814
25 0.4322916666666667 0.7847222222222222 0.021875 0.03796296296296296
0 0.9049479166666666 0.6888888888888889 0.005729166666666666 0.05555555555555555
5 0.4427083333333333 0.8018518518518518 0.021875 0.037037037037037035
4 0.45338541666666665 0.7847222222222222 0.022395833333333334 0.03796296296296296
8 0.46432291666666664 0.8027777777777778 0.022395833333333334 0.037037037037037035
9 0.475 0.7837962962962963 0.021875 0.03796296296296296
10 0.4856770833333333 0.8027777777777778 0.022395833333333334 0.037037037037037035
12 0.49661458333333336 0.7837962962962963 0.022395833333333334 0.03796296296296296
12 0.5072916666666667 0.8027777777777778 0.021875 0.037037037037037035
15 0.5182291666666666 0.7837962962962963 0.021875 0.03796296296296296
27 0.49895833333333334 0.7722222222222223 0.9375 0.37407407407407406
