0 0.3265625 0.14444444444444443 0.019791666666666666 0.28888888888888886
13 0.378125 0.4212962962962963 0.06354166666666666 0.10740740740740741
0 0.30416666666666664 0.019444444444444445 0.01875 0.03888888888888889
16 0.40703125 0.3712962962962963 0.06510416666666667 0.1037037037037037
11 0.44088541666666664 0.42083333333333334 0.0640625 0.10648148148148148
8 0.47161458333333334 0.37083333333333335 0.06510416666666667 0.10462962962962963
20 0.5036458333333333 0.42083333333333334 0.06354166666666666 0.10648148148148148
19 0.5361979166666667 0.37083333333333335 0.06510416666666667 0.10462962962962963
1 0.5658854166666667 0.42083333333333334 0.06197916666666667 0.10648148148148148
27 0.49973958333333335 0.38472222222222224 0.5692708333333333 0.7694444444444445
