0 0.3263020833333333 0.2013888888888889 0.0203125 0.4027777777777778
14 0.30755208333333334 0.32916666666666666 0.06510416666666667 0.10462962962962963
0 0.44140625 0.06898148148148148 0.0234375 0.13796296296296295
15 0.34140625 0.3787037037037037 0.059895833333333336 0.10740740740740741
4 0.3703125 0.3282407407407407 0.06145833333333333 0.10462962962962963
7 0.4 0.3800925925925926 0.059375 0.10648148148148148
3 0.43072916666666666 0.3263888888888889 0.06041666666666667 0.10648148148148148
9 0.46041666666666664 0.38101851851851853 0.0625 0.10462962962962963
10 0.49192708333333335 0.32546296296296295 0.06302083333333333 0.10648148148148148
19 0.5236979166666667 0.38101851851851853 0.06510416666666667 0.10462962962962963
6 0.5546875 0.32546296296296295 0.06354166666666666 0.10648148148148148
27 0.49973958333333335 0.4361111111111111 0.5692708333333333 0.8722222222222222
