0 0.8768229166666667 0.8518518518518519 0.005729166666666666 0.14814814814814814
13 0.6619791666666667 0.8912037037037037 0.021875 0.03796296296296296
0 0.8854166666666666 0.8018518518518518 0.005208333333333333 0.05555555555555555
18 0.6721354166666667 0.874537037037037 0.022395833333333334 0.03796296296296296
24 0.68359375 0.8912037037037037 0.022395833333333334 0.03796296296296296
4 0.69375 0.874537037037037 0.021875 0.03796296296296296
8 0.7052083333333333 0.8912037037037037 0.021875 0.03796296296296296
7 0.7151041666666667 0.874537037037037 0.021875 0.03796296296296296
5 0.7268229166666667 0.8912037037037037 0.022395833333333334 0.03796296296296296
27 0.49895833333333334 0.8384259259259259 0.9375 0.3212962962962963
