0 0.9375 0.8305555555555556 0.00625 0.14814814814814814
17 0.7653645833333333 0.8893518518518518 0.022395833333333334 0.03796296296296296
0 0.9260416666666667 0.812962962962963 0.00625 0.05555555555555555
17 0.775 0.8726851851851852 0.021875 0.03796296296296296
26 0.78671875 0.8893518518518518 0.022395833333333334 0.03796296296296296
19 0.7963541666666667 0.8726851851851852 0.021875 0.03796296296296296
10 0.80859375 0.8893518518518518 0.022395833333333334 0.03796296296296296
14 0.81796875 0.8726851851851852 0.022395833333333334 0.03796296296296296
15 0.8302083333333333 0.8898148148148148 0.021875 0.03888888888888889
27 0.49895833333333334 0.8310185185185185 0.9375 0.33611111111111114
