0 0.8658854166666666 0.5694444444444444 0.005729166666666666 0.14814814814814814
18 0.43463541666666666 0.586574074074074 0.022395833333333334 0.03796296296296296
0 0.87734375 0.524537037037037 0.0067708333333333336 0.05648148148148148
10 0.44557291666666665 0.5685185185185185 0.022395833333333334 0.03888888888888889
13 0.45598958333333334 0.586574074074074 0.022395833333333334 0.03796296296296296
15 0.4669270833333333 0.5689814814814815 0.022395833333333334 0.03796296296296296
6 0.47760416666666666 0.586574074074074 0.021875 0.03796296296296296
18 0.48854166666666665 0.5685185185185185 0.021875 0.03888888888888889
18 0.49921875 0.587037037037037 0.022395833333333334 0.03888888888888889
1 0.5098958333333333 0.5689814814814815 0.021875 0.03796296296296296
27 0.49895833333333334 0.6189814814814815 0.9375 0.3527777777777778
