20 0.5776041666666667 0.8851851851851852 0.021875 0.037037037037037035
6 0.6713541666666667 0.8685185185185185 0.021875 0.037037037037037035
15 0.6614583333333334 0.8851851851851852 0.021875 0.037037037037037035
10 0.6505208333333333 0.8685185185185185 0.021875 0.037037037037037035
24 0.6403645833333333 0.8851851851851852 0.021354166666666667 0.037037037037037035
5 0.6294270833333333 0.8685185185185185 0.021354166666666667 0.037037037037037035
2 0.6192708333333333 0.8851851851851852 0.021875 0.037037037037037035
4 0.60859375 0.8685185185185185 0.021354166666666667 0.037037037037037035
26 0.5986979166666667 0.8851851851851852 0.021354166666666667 0.037037037037037035
22 0.5877604166666667 0.8685185185185185 0.021354166666666667 0.037037037037037035
27 0.5005208333333333 0.775 0.90625 0.35555555555555557
