0 0.8768229166666667 0.24537037037037038 0.005729166666666666 0.14814814814814814
2 0.78515625 0.3837962962962963 0.022395833333333334 0.03796296296296296
0 0.9377604166666667 0.1986111111111111 0.005729166666666666 0.05648148148148148
18 0.7947916666666667 0.3648148148148148 0.021875 0.03888888888888889
7 0.8067708333333333 0.3837962962962963 0.021875 0.03796296296296296
1 0.8161458333333333 0.36435185185185187 0.021875 0.03796296296296296
8 0.828125 0.3837962962962963 0.021875 0.03796296296296296
2 0.8377604166666667 0.36435185185185187 0.022395833333333334 0.03796296296296296
6 0.8497395833333333 0.3837962962962963 0.022395833333333334 0.03796296296296296
27 0.49895833333333334 0.29583333333333334 0.9375 0.35833333333333334
