0 0.8565104166666667 0.10925925925925926 0.005729166666666666 0.14814814814814814
21 0.06822916666666666 0.14212962962962963 0.021875 0.03796296296296296
0 0.89609375 0.060648148148148145 0.0067708333333333336 0.05648148148148148
6 0.08098958333333334 0.1587962962962963 0.022395833333333334 0.03796296296296296
18 0.08984375 0.14212962962962963 0.022395833333333334 0.03796296296296296
11 0.10234375 0.1587962962962963 0.022395833333333334 0.03796296296296296
25 0.11145833333333334 0.14212962962962963 0.021875 0.03796296296296296
22 0.12395833333333334 0.1587962962962963 0.021875 0.03796296296296296
12 0.13307291666666668 0.14212962962962963 0.022395833333333334 0.03796296296296296
27 0.49895833333333334 0.1814814814814815 0.9375 0.362962962962963
