0 0.92578125 0.5824074074074074 0.005729166666666666 0.14814814814814814
3 0.4588541666666667 0.6282407407407408 0.021875 0.03796296296296296
0 0.89609375 0.5120370370370371 0.0067708333333333336 0.05555555555555555
22 0.46979166666666666 0.6476851851851851 0.021875 0.03796296296296296
1 0.48072916666666665 0.6291666666666667 0.021875 0.03796296296296296
18 0.49140625 0.6481481481481481 0.022395833333333334 0.03888888888888889
12 0.5020833333333333 0.6282407407407408 0.021875 0.03796296296296296
23 0.5130208333333334 0.6476851851851851 0.021875 0.03796296296296296
11 0.5239583333333333 0.6287037037037037 0.021875 0.03888888888888889
6 0.5346354166666667 0.6476851851851851 0.022395833333333334 0.03796296296296296
2 0.5453125 0.6291666666666667 0.021875 0.03796296296296296
27 0.49895833333333334 0.6023148148148149 0.9375 0.3527777777777778
