0 0.4158854166666667 0.14814814814814814 0.021354166666666667 0.2962962962962963
14 0.3736979166666667 0.23472222222222222 0.0609375 0.10648148148148148
0 0.44088541666666664 0.012037037037037037 0.019270833333333334 0.024074074074074074
12 0.40260416666666665 0.18611111111111112 0.06145833333333333 0.10555555555555556
1 0.43515625 0.23287037037037037 0.06302083333333333 0.10648148148148148
16 0.46536458333333336 0.1865740740740741 0.06510416666666667 0.10462962962962963
25 0.4979166666666667 0.23287037037037037 0.06354166666666666 0.10648148148148148
3 0.5299479166666666 0.18703703703703703 0.06510416666666667 0.1037037037037037
3 0.5606770833333333 0.2324074074074074 0.0640625 0.10740740740740741
27 0.49973958333333335 0.3824074074074074 0.5692708333333333 0.7648148148148148
