8 0.41432291666666665 0.6601851851851852 0.021354166666666667 0.037037037037037035
22 0.40390625 0.6777777777777778 0.021354166666666667 0.037037037037037035
15 0.39348958333333334 0.6601851851851852 0.021354166666666667 0.037037037037037035
18 0.38307291666666665 0.6773148148148148 0.021354166666666667 0.03611111111111111
2 0.37265625 0.6601851851851852 0.021354166666666667 0.037037037037037035
26 0.36223958333333334 0.6777777777777778 0.021354166666666667 0.037037037037037035
1 0.35182291666666665 0.6601851851851852 0.021354166666666667 0.037037037037037035
24 0.34088541666666666 0.6777777777777778 0.021354166666666667 0.037037037037037035
13 0.33098958333333334 0.6601851851851852 0.021354166666666667 0.037037037037037035
27 0.5005208333333333 0.6583333333333333 0.90625 0.34074074074074073
