0 0.47239583333333335 0.6944444444444444 0.019791666666666666 0.40925925925925927
2 0.4596354166666667 0.6476851851851851 0.06197916666666667 0.10462962962962963
0 0.5278645833333333 0.5574074074074075 0.021354166666666667 0.1537037037037037
6 0.490625 0.7037037037037037 0.0625 0.10740740740740741
8 0.5221354166666666 0.6476851851851851 0.06510416666666667 0.10462962962962963
16 0.553125 0.7037037037037037 0.06354166666666666 0.10740740740740741
20 0.5864583333333333 0.6472222222222223 0.065625 0.1037037037037037
8 0.6161458333333333 0.7037037037037037 0.06354166666666666 0.10740740740740741
16 0.6510416666666666 0.6476851851851851 0.06458333333333334 0.10462962962962963
26 0.6786458333333333 0.7037037037037037 0.0625 0.10740740740740741
27 0.49973958333333335 0.6833333333333333 0.5692708333333333 0.6314814814814815
