0 0.49973958333333335 0.6976851851851852 0.019270833333333334 0.41944444444444445
18 0.4583333333333333 0.5888888888888889 0.06041666666666667 0.10555555555555556
0 0.26953125 0.5685185185185185 0.024479166666666666 0.1574074074074074
14 0.4895833333333333 0.5375 0.06145833333333333 0.10648148148148148
6 0.5205729166666667 0.5884259259259259 0.06510416666666667 0.10462962962962963
24 0.5515625 0.5375 0.06354166666666666 0.10648148148148148
1 0.5846354166666666 0.5884259259259259 0.06510416666666667 0.10462962962962963
22 0.6143229166666667 0.5375 0.0640625 0.10648148148148148
25 0.64921875 0.5884259259259259 0.06510416666666667 0.10462962962962963
27 0.49973958333333335 0.6865740740740741 0.5692708333333333 0.625
