17 0.7611979166666667 0.8981481481481481 0.021354166666666667 0.037037037037037035
3 0.7505208333333333 0.9171296296296296 0.021875 0.03796296296296296
13 0.7403645833333333 0.8981481481481481 0.021354166666666667 0.037037037037037035
23 0.7294270833333333 0.9171296296296296 0.021354166666666667 0.03611111111111111
7 0.7197916666666667 0.8981481481481481 0.021875 0.037037037037037035
14 0.70859375 0.9171296296296296 0.021354166666666667 0.03611111111111111
7 0.6986979166666667 0.8981481481481481 0.021354166666666667 0.037037037037037035
26 0.6877604166666667 0.9171296296296296 0.021354166666666667 0.03611111111111111
16 0.6778645833333333 0.8981481481481481 0.021354166666666667 0.037037037037037035
27 0.5005208333333333 0.8138888888888889 0.90625 0.3611111111111111
