0 0.92578125 0.21342592592592594 0.005729166666666666 0.14722222222222223
2 0.7471354166666667 0.24768518518518517 0.022395833333333334 0.03796296296296296
0 0.9174479166666667 0.13564814814814816 0.005729166666666666 0.05648148148148148
3 0.7567708333333333 0.22824074074074074 0.021875 0.03796296296296296
6 0.7684895833333333 0.24768518518518517 0.022395833333333334 0.03796296296296296
16 0.7786458333333334 0.22824074074074074 0.022916666666666665 0.03796296296296296
26 0.78984375 0.24722222222222223 0.021354166666666667 0.03888888888888889
7 0.8005208333333333 0.22916666666666666 0.022916666666666665 0.03796296296296296
15 0.8109375 0.24675925925925926 0.021875 0.03796296296296296
8 0.82265625 0.22916666666666666 0.022395833333333334 0.03796296296296296
27 0.49895833333333334 0.23935185185185184 0.9375 0.3712962962962963
