0 0.8768229166666667 0.6611111111111111 0.005729166666666666 0.14814814814814814
16 0.5390625 0.6310185185185185 0.021875 0.03796296296296296
0 0.8856770833333333 0.6171296296296296 0.005729166666666666 0.05648148148148148
24 0.5497395833333333 0.6134259259259259 0.022395833333333334 0.03796296296296296
22 0.5606770833333333 0.6310185185185185 0.022395833333333334 0.03796296296296296
16 0.57109375 0.6134259259259259 0.022395833333333334 0.03796296296296296
9 0.5822916666666667 0.6310185185185185 0.021875 0.03796296296296296
13 0.5927083333333333 0.6134259259259259 0.021875 0.03796296296296296
3 0.6036458333333333 0.6310185185185185 0.021875 0.03796296296296296
27 0.49895833333333334 0.7074074074074074 0.9375 0.3592592592592593
