0 0.6942708333333333 0.2810185185185185 0.017708333333333333 0.4101851851851852
26 0.43072916666666666 0.7717592592592593 0.06041666666666667 0.10648148148148148
0 0.44114583333333335 0.14583333333333334 0.021875 0.15648148148148147
3 0.46067708333333335 0.7157407407407408 0.06302083333333333 0.10555555555555556
1 0.49192708333333335 0.7731481481481481 0.06302083333333333 0.10740740740740741
3 0.5236979166666667 0.7152777777777778 0.06510416666666667 0.10462962962962963
4 0.5546875 0.7731481481481481 0.06354166666666666 0.10740740740740741
3 0.58828125 0.7152777777777778 0.06510416666666667 0.10462962962962963
26 0.6177083333333333 0.7726851851851851 0.06354166666666666 0.10648148148148148
27 0.49973958333333335 0.4861111111111111 0.5692708333333333 0.9722222222222222
