0 0.8958333333333334 0.35462962962962963 0.00625 0.14814814814814814
15 0.76171875 0.40324074074074073 0.022395833333333334 0.03796296296296296
0 0.8567708333333334 0.3060185185185185 0.00625 0.05648148148148148
2 0.7713541666666667 0.42083333333333334 0.021875 0.03796296296296296
8 0.7833333333333333 0.40324074074074073 0.021875 0.03796296296296296
8 0.7927083333333333 0.42083333333333334 0.021875 0.03796296296296296
2 0.8049479166666667 0.40324074074074073 0.022395833333333334 0.03796296296296296
19 0.8143229166666667 0.42083333333333334 0.022395833333333334 0.03796296296296296
14 0.8265625 0.40324074074074073 0.021875 0.03796296296296296
5 0.8356770833333333 0.42083333333333334 0.022395833333333334 0.03796296296296296
26 0.8481770833333333 0.40324074074074073 0.022395833333333334 0.03796296296296296
27 0.49895833333333334 0.3976851851851852 0.9375 0.3527777777777778
