0 0.8768229166666667 0.13518518518518519 0.005729166666666666 0.14814814814814814
5 0.09895833333333333 0.09814814814814815 0.022916666666666665 0.037037037037037035
0 0.8661458333333333 0.09305555555555556 0.00625 0.05648148148148148
8 0.10833333333333334 0.11805555555555555 0.021875 0.03796296296296296
25 0.12083333333333333 0.09814814814814815 0.021875 0.03888888888888889
15 0.12994791666666666 0.11805555555555555 0.022395833333333334 0.03796296296296296
11 0.1421875 0.09768518518518518 0.021875 0.03796296296296296
16 0.1515625 0.11805555555555555 0.021875 0.03796296296296296
18 0.16354166666666667 0.09814814814814815 0.021875 0.037037037037037035
25 0.17291666666666666 0.11805555555555555 0.021875 0.03796296296296296
14 0.18515625 0.09814814814814815 0.022395833333333334 0.03888888888888889
27 0.49895833333333334 0.19444444444444445 0.9375 0.3814814814814815
