26 0.24505208333333334 0.11666666666666667 0.021354166666666667 0.037037037037037035
1 0.33932291666666664 0.09907407407407408 0.021354166666666667 0.037037037037037035
24 0.3294270833333333 0.11574074074074074 0.021354166666666667 0.037037037037037035
17 0.3184895833333333 0.09907407407407408 0.021354166666666667 0.037037037037037035
25 0.30833333333333335 0.11574074074074074 0.021875 0.037037037037037035
4 0.29765625 0.09861111111111111 0.021354166666666667 0.03611111111111111
14 0.2872395833333333 0.1162037037037037 0.021354166666666667 0.03611111111111111
3 0.27682291666666664 0.09814814814814815 0.021354166666666667 0.037037037037037035
10 0.26614583333333336 0.11666666666666667 0.021875 0.037037037037037035
25 0.2559895833333333 0.09814814814814815 0.021354166666666667 0.037037037037037035
27 0.5005208333333333 0.20694444444444443 0.90625 0.35833333333333334
