0 0.9174479166666667 0.425 0.005729166666666666 0.14814814814814814
9 0.9106770833333333 0.47638888888888886 0.022395833333333334 0.03796296296296296
23 0.8119791666666667 0.45787037037037037 0.021875 0.03796296296296296
0 0.9377604166666667 0.37777777777777777 0.0067708333333333336 0.05555555555555555
4 0.82421875 0.47638888888888886 0.022395833333333334 0.03796296296296296
5 0.83359375 0.45740740740740743 0.022395833333333334 0.03888888888888889
18 0.84609375 0.47638888888888886 0.022395833333333334 0.03796296296296296
10 0.8552083333333333 0.45740740740740743 0.021875 0.03888888888888889
23 0.8674479166666667 0.47638888888888886 0.022395833333333334 0.03796296296296296
11 0.8765625 0.45740740740740743 0.021875 0.03888888888888889
19 0.8890625 0.47638888888888886 0.021875 0.03796296296296296
23 0.8981770833333333 0.45787037037037037 0.022395833333333334 0.03796296296296296
27 0.49895833333333334 0.4726851851851852 0.9375 0.3527777777777778
