5 0.40546875 0.6069444444444444 0.021354166666666667 0.03611111111111111
19 0.39557291666666666 0.625 0.021354166666666667 0.037037037037037035
10 0.3846354166666667 0.6069444444444444 0.021354166666666667 0.03611111111111111
24 0.37447916666666664 0.625 0.021875 0.037037037037037035
11 0.36380208333333336 0.6069444444444444 0.021354166666666667 0.03611111111111111
7 0.3536458333333333 0.625 0.021875 0.037037037037037035
2 0.34296875 0.6074074074074074 0.021354166666666667 0.037037037037037035
4 0.3328125 0.625 0.021875 0.037037037037037035
21 0.321875 0.6069444444444444 0.021875 0.03611111111111111
27 0.5005208333333333 0.6541666666666667 0.90625 0.3416666666666667
