0 0.49973958333333335 0.6657407407407407 0.019270833333333334 0.4185185185185185
5 0.490625 0.8532407407407407 0.0625 0.10648148148148148
0 0.6729166666666667 0.5333333333333333 0.023958333333333335 0.1574074074074074
21 0.5221354166666666 0.7935185185185185 0.06510416666666667 0.1037037037037037
25 0.553125 0.8537037037037037 0.06354166666666666 0.10740740740740741
23 0.5864583333333333 0.7939814814814815 0.065625 0.10462962962962963
26 0.6158854166666666 0.8532407407407407 0.0640625 0.10648148148148148
11 0.65078125 0.7935185185185185 0.06510416666666667 0.1037037037037037
16 0.6786458333333333 0.8532407407407407 0.0625 0.10648148148148148
27 0.49973958333333335 0.6652777777777777 0.5692708333333333 0.6675925925925926
