0 0.6716145833333333 0.14722222222222223 0.022395833333333334 0.29444444444444445
4 0.38958333333333334 0.32592592592592595 0.06354166666666666 0.10740740740740741
0 0.6953125 0.02361111111111111 0.019791666666666666 0.04722222222222222
1 0.41953125 0.3819444444444444 0.06510416666666667 0.10462962962962963
18 0.45208333333333334 0.3263888888888889 0.0625 0.10648148148148148
20 0.4822916666666667 0.3814814814814815 0.0625 0.10555555555555556
1 0.5125 0.32731481481481484 0.06041666666666667 0.10648148148148148
22 0.5427083333333333 0.38055555555555554 0.059375 0.10555555555555556
23 0.5729166666666666 0.32916666666666666 0.06145833333333333 0.10462962962962963
4 0.6020833333333333 0.37916666666666665 0.06041666666666667 0.10648148148148148
17 0.6348958333333333 0.3300925925925926 0.06458333333333334 0.10462962962962963
27 0.4979166666666667 0.38472222222222224 0.565625 0.7694444444444445
