0 0.9255208333333333 0.34305555555555556 0.00625 0.14722222222222223
25 0.4739583333333333 0.44583333333333336 0.021875 0.03796296296296296
16 0.3768229166666667 0.4273148148148148 0.022395833333333334 0.03796296296296296
0 0.9177083333333333 0.26805555555555555 0.00625 0.05648148148148148
2 0.3880208333333333 0.44537037037037036 0.021875 0.03888888888888889
3 0.39869791666666665 0.4273148148148148 0.022395833333333334 0.03796296296296296
13 0.40963541666666664 0.44537037037037036 0.022395833333333334 0.03888888888888889
20 0.4200520833333333 0.4273148148148148 0.022395833333333334 0.03796296296296296
3 0.43125 0.44583333333333336 0.021875 0.03796296296296296
13 0.44166666666666665 0.4273148148148148 0.021875 0.03796296296296296
12 0.45260416666666664 0.44537037037037036 0.021875 0.03888888888888889
18 0.46328125 0.4273148148148148 0.022395833333333334 0.03796296296296296
27 0.49895833333333334 0.3625 0.9375 0.3527777777777778
