18 0.30182291666666666 0.38935185185185184 0.021354166666666667 0.03611111111111111
25 0.29192708333333334 0.4074074074074074 0.021354166666666667 0.037037037037037035
22 0.28098958333333335 0.38981481481481484 0.021354166666666667 0.037037037037037035
8 0.27109375 0.4074074074074074 0.021354166666666667 0.037037037037037035
22 0.2598958333333333 0.38981481481481484 0.021875 0.037037037037037035
18 0.25026041666666665 0.4074074074074074 0.021354166666666667 0.037037037037037035
25 0.23880208333333333 0.38981481481481484 0.021354166666666667 0.037037037037037035
10 0.22942708333333334 0.4074074074074074 0.021354166666666667 0.037037037037037035
24 0.21848958333333332 0.38935185185185184 0.021354166666666667 0.03796296296296296
27 0.5005208333333333 0.45694444444444443 0.90625 0.3416666666666667
