4 0.3109375 0.6162037037037037 0.021875 0.03611111111111111
24 0.3 0.6337962962962963 0.021875 0.03611111111111111
11 0.2903645833333333 0.6162037037037037 0.021354166666666667 0.03611111111111111
19 0.2791666666666667 0.6337962962962963 0.021875 0.03611111111111111
20 0.26901041666666664 0.6166666666666667 0.021354166666666667 0.037037037037037035
22 0.25833333333333336 0.6337962962962963 0.021875 0.03611111111111111
5 0.24791666666666667 0.6157407407407407 0.021875 0.037037037037037035
21 0.23776041666666667 0.6342592592592593 0.021354166666666667 0.037037037037037035
15 0.22708333333333333 0.6162037037037037 0.021875 0.03611111111111111
27 0.5005208333333333 0.5986111111111111 0.90625 0.3416666666666667
