11 0.5205729166666667 0.46296296296296297 0.021354166666666667 0.037037037037037035
8 0.51015625 0.48055555555555557 0.021354166666666667 0.037037037037037035
9 0.49973958333333335 0.46296296296296297 0.021354166666666667 0.037037037037037035
16 0.48932291666666666 0.48055555555555557 0.021354166666666667 0.037037037037037035
5 0.47890625 0.46296296296296297 0.021354166666666667 0.037037037037037035
8 0.46848958333333335 0.48055555555555557 0.021354166666666667 0.037037037037037035
26 0.45807291666666666 0.46296296296296297 0.021354166666666667 0.037037037037037035
4 0.44765625 0.48055555555555557 0.021354166666666667 0.037037037037037035
15 0.43697916666666664 0.46296296296296297 0.021875 0.037037037037037035
27 0.5005208333333333 0.40370370370370373 0.90625 0.34074074074074073
