0 0.9046875 0.10972222222222222 0.005208333333333333 0.14722222222222223
24 0.3338541666666667 0.15787037037037038 0.021875 0.03796296296296296
0 0.9174479166666667 0.05787037037037037 0.0067708333333333336 0.05648148148148148
8 0.3453125 0.17453703703703705 0.021875 0.03796296296296296
6 0.35546875 0.15787037037037038 0.022395833333333334 0.03796296296296296
21 0.36692708333333335 0.17453703703703705 0.022395833333333334 0.03796296296296296
14 0.3770833333333333 0.15694444444444444 0.021875 0.03796296296296296
19 0.38828125 0.17453703703703705 0.022395833333333334 0.03796296296296296
9 0.39869791666666665 0.15787037037037038 0.022395833333333334 0.03796296296296296
21 0.40989583333333335 0.17453703703703705 0.021875 0.03796296296296296
24 0.4203125 0.15787037037037038 0.021875 0.03796296296296296
27 0.49895833333333334 0.18055555555555555 0.9375 0.3611111111111111
