13 0.8752604166666667 0.8675925925925926 0.021354166666666667 0.037037037037037035
2 0.8635416666666667 0.8865740740740741 0.021875 0.03611111111111111
17 0.85390625 0.8675925925925926 0.021354166666666667 0.037037037037037035
23 0.84296875 0.8865740740740741 0.021354166666666667 0.03611111111111111
10 0.8330729166666667 0.8675925925925926 0.021354166666666667 0.037037037037037035
6 0.8221354166666667 0.8865740740740741 0.021354166666666667 0.03611111111111111
15 0.8122395833333333 0.8675925925925926 0.021354166666666667 0.037037037037037035
23 0.8015625 0.8861111111111111 0.020833333333333332 0.037037037037037035
22 0.7911458333333333 0.8680555555555556 0.021875 0.03611111111111111
27 0.5005208333333333 0.8439814814814814 0.90625 0.3101851851851852
