19 0.7846354166666667 0.36666666666666664 0.021354166666666667 0.037037037037037035
20 0.8794270833333333 0.35 0.021354166666666667 0.037037037037037035
4 0.8684895833333334 0.36712962962962964 0.021354166666666667 0.03611111111111111
18 0.85859375 0.35 0.021354166666666667 0.037037037037037035
18 0.8473958333333333 0.36712962962962964 0.020833333333333332 0.03611111111111111
1 0.8377604166666667 0.34953703703703703 0.021354166666666667 0.03611111111111111
12 0.8265625 0.36666666666666664 0.021875 0.037037037037037035
11 0.8169270833333333 0.34953703703703703 0.021354166666666667 0.03611111111111111
2 0.8057291666666667 0.36666666666666664 0.021875 0.037037037037037035
12 0.79609375 0.34953703703703703 0.021354166666666667 0.03611111111111111
27 0.5005208333333333 0.399537037037037 0.90625 0.3416666666666667
