0 0.6140625 0.34814814814814815 0.019791666666666666 0.4185185185185185
11 0.3015625 0.3958333333333333 0.065625 0.10462962962962963
0 0.50078125 0.2162037037037037 0.021354166666666667 0.15648148148148147
10 0.3375 0.34074074074074073 0.06354166666666666 0.10740740740740741
6 0.3658854166666667 0.3958333333333333 0.0640625 0.10462962962962963
11 0.3984375 0.3416666666666667 0.059375 0.10740740740740741
8 0.4278645833333333 0.39537037037037037 0.0609375 0.10555555555555556
9 0.45755208333333336 0.34305555555555556 0.059895833333333336 0.10648148148148148
19 0.48802083333333335 0.3939814814814815 0.06041666666666667 0.10648148148148148
5 0.5182291666666666 0.34444444444444444 0.06354166666666666 0.10555555555555556
17 0.5489583333333333 0.3939814814814815 0.06354166666666666 0.10648148148148148
27 0.49973958333333335 0.5 0.5692708333333333 0.9981481481481481
