0 0.47161458333333334 0.5666666666666667 0.021354166666666667 0.40925925925925927
25 0.2989583333333333 0.8587962962962963 0.065625 0.10462962962962963
0 0.6958333333333333 0.4449074074074074 0.020833333333333332 0.1527777777777778
11 0.33515625 0.8138888888888889 0.0640625 0.10740740740740741
24 0.36354166666666665 0.8587962962962963 0.065625 0.10462962962962963
4 0.396875 0.8138888888888889 0.06041666666666667 0.10740740740740741
24 0.42630208333333336 0.8601851851851852 0.06197916666666667 0.10555555555555556
3 0.45651041666666664 0.8106481481481481 0.059895833333333336 0.10648148148148148
22 0.4864583333333333 0.8606481481481482 0.06041666666666667 0.10092592592592593
16 0.5166666666666667 0.8078703703703703 0.06145833333333333 0.10462962962962963
21 0.5471354166666667 0.8666666666666667 0.06197916666666667 0.10740740740740741
27 0.49973958333333335 0.6199074074074075 0.5692708333333333 0.7583333333333333
