0 0.4171875 0.6981481481481482 0.01875 0.40925925925925927
5 0.36875 0.587037037037037 0.0625 0.10555555555555556
0 0.26796875 0.5666666666666667 0.0203125 0.1574074074074074
12 0.39947916666666666 0.6402777777777777 0.059375 0.10648148148148148
7 0.42942708333333335 0.5879629629629629 0.0609375 0.10555555555555556
8 0.4588541666666667 0.6393518518518518 0.06041666666666667 0.10462962962962963
22 0.4901041666666667 0.5884259259259259 0.0625 0.10648148148148148
12 0.52109375 0.638425925925926 0.06510416666666667 0.10462962962962963
24 0.55234375 0.5888888888888889 0.0640625 0.10740740740740741
10 0.5856770833333333 0.638425925925926 0.06510416666666667 0.10462962962962963
11 0.6151041666666667 0.5888888888888889 0.06354166666666666 0.10740740740740741
27 0.49973958333333335 0.6902777777777778 0.5692708333333333 0.6175925925925926
