0 0.67265625 0.4837962962962963 0.0203125 0.41944444444444445
9 0.46171875 0.4615740740740741 0.0640625 0.10462962962962963
0 0.6427083333333333 0.3592592592592593 0.019791666666666666 0.1537037037037037
8 0.49375 0.4083333333333333 0.06354166666666666 0.10740740740740741
8 0.52578125 0.462037037037037 0.06510416666666667 0.1037037037037037
1 0.5565104166666667 0.4083333333333333 0.0640625 0.10740740740740741
10 0.58984375 0.462037037037037 0.06510416666666667 0.1037037037037037
9 0.6192708333333333 0.4083333333333333 0.06354166666666666 0.10740740740740741
11 0.653125 0.4615740740740741 0.0625 0.10462962962962963
15 0.68125 0.40879629629629627 0.06145833333333333 0.10648148148148148
27 0.49973958333333335 0.575925925925926 0.5692708333333333 0.8462962962962963
