0 0.92578125 0.1875 0.005729166666666666 0.14722222222222223
20 0.5315104166666667 0.1375 0.022395833333333334 0.03796296296296296
0 0.87734375 0.11296296296296296 0.005729166666666666 0.05555555555555555
9 0.5424479166666667 0.1574074074074074 0.022395833333333334 0.03888888888888889
25 0.553125 0.1375 0.021875 0.03796296296296296
17 0.5640625 0.15787037037037038 0.021875 0.03796296296296296
16 0.5744791666666667 0.1375 0.021875 0.03796296296296296
18 0.5854166666666667 0.15694444444444444 0.021875 0.03796296296296296
9 0.59609375 0.13842592592592592 0.022395833333333334 0.03796296296296296
24 0.60703125 0.15648148148148147 0.022395833333333334 0.03888888888888889
20 0.61796875 0.1388888888888889 0.022395833333333334 0.03888888888888889
27 0.49895833333333334 0.21712962962962962 0.9375 0.3768518518518518
