0 0.8947916666666667 0.3143518518518518 0.008333333333333333 0.14907407407407408
14 0.6502604166666667 0.3236111111111111 0.022395833333333334 0.03796296296296296
0 0.9177083333333333 0.26435185185185184 0.00625 0.05648148148148148
1 0.66171875 0.3050925925925926 0.022395833333333334 0.03796296296296296
12 0.6716145833333333 0.32314814814814813 0.022395833333333334 0.03888888888888889
13 0.6833333333333333 0.3055555555555556 0.021875 0.03888888888888889
8 0.69296875 0.32314814814814813 0.022395833333333334 0.03888888888888889
12 0.7049479166666667 0.3055555555555556 0.022395833333333334 0.03888888888888889
7 0.71484375 0.3236111111111111 0.022395833333333334 0.03796296296296296
9 0.7263020833333333 0.3050925925925926 0.022395833333333334 0.03796296296296296
27 0.49895833333333334 0.3578703703703704 0.9375 0.3527777777777778
