15 0.21015625 0.7949074074074074 0.021354166666666667 0.03611111111111111
5 0.30364583333333334 0.7763888888888889 0.021875 0.03611111111111111
13 0.29348958333333336 0.7949074074074074 0.021354166666666667 0.03611111111111111
19 0.2825520833333333 0.7763888888888889 0.021354166666666667 0.03611111111111111
19 0.27265625 0.7949074074074074 0.021354166666666667 0.03611111111111111
18 0.26171875 0.7763888888888889 0.021354166666666667 0.03611111111111111
19 0.2518229166666667 0.7949074074074074 0.021354166666666667 0.03611111111111111
12 0.240625 0.7763888888888889 0.021875 0.03611111111111111
23 0.23098958333333333 0.7944444444444444 0.021354166666666667 0.037037037037037035
24 0.22005208333333334 0.7768518518518519 0.021354166666666667 0.037037037037037035
27 0.5005208333333333 0.812962962962963 0.90625 0.3611111111111111
