0 0.88515625 0.4634259259259259 0.005729166666666666 0.14722222222222223
11 0.23411458333333332 0.49074074074074076 0.022395833333333334 0.03888888888888889
5 0.13723958333333333 0.47175925925925927 0.022395833333333334 0.03796296296296296
0 0.8567708333333334 0.4152777777777778 0.005208333333333333 0.05648148148148148
14 0.14817708333333332 0.49027777777777776 0.021354166666666667 0.03796296296296296
21 0.159375 0.47175925925925927 0.022916666666666665 0.03796296296296296
14 0.16927083333333334 0.49027777777777776 0.021875 0.03796296296296296
6 0.18151041666666667 0.47175925925925927 0.022395833333333334 0.03796296296296296
8 0.19088541666666667 0.49027777777777776 0.022395833333333334 0.03796296296296296
18 0.203125 0.47175925925925927 0.021875 0.03796296296296296
11 0.2125 0.49027777777777776 0.021875 0.03796296296296296
13 0.22447916666666667 0.47175925925925927 0.021875 0.03796296296296296
27 0.49895833333333334 0.5083333333333333 0.9375 0.3537037037037037
