0 0.6942708333333333 0.43333333333333335 0.017708333333333333 0.40925925925925927
25 0.31692708333333336 0.3458333333333333 0.06197916666666667 0.10648148148148148
0 0.55546875 0.3074074074074074 0.019270833333333334 0.1574074074074074
8 0.3453125 0.4 0.06145833333333333 0.10555555555555556
2 0.37864583333333335 0.3453703703703704 0.06354166666666666 0.10740740740740741
11 0.4080729166666667 0.40046296296296297 0.06510416666666667 0.10462962962962963
3 0.44166666666666665 0.3453703703703704 0.06354166666666666 0.10740740740740741
15 0.47239583333333335 0.40046296296296297 0.065625 0.10462962962962963
23 0.5046875 0.3453703703703704 0.06354166666666666 0.10740740740740741
12 0.53671875 0.40046296296296297 0.06510416666666667 0.10462962962962963
4 0.5666666666666667 0.3458333333333333 0.06145833333333333 0.10648148148148148
27 0.49973958333333335 0.549074074074074 0.5692708333333333 0.9
