0 0.3854166666666667 0.4638888888888889 0.019791666666666666 0.4185185185185185
19 0.42239583333333336 0.29398148148148145 0.06458333333333334 0.10462962962962963
0 0.47291666666666665 0.33055555555555555 0.019791666666666666 0.1537037037037037
7 0.45416666666666666 0.34305555555555556 0.06041666666666667 0.10648148148148148
25 0.484375 0.29305555555555557 0.06041666666666667 0.10462962962962963
26 0.5140625 0.34444444444444444 0.06041666666666667 0.10555555555555556
3 0.54375 0.2912037037037037 0.059375 0.10648148148148148
2 0.575 0.3458333333333333 0.06354166666666666 0.10462962962962963
1 0.6044270833333333 0.2898148148148148 0.06302083333333333 0.10740740740740741
4 0.6388020833333333 0.34629629629629627 0.06510416666666667 0.1037037037037037
10 0.6671875 0.2902777777777778 0.06354166666666666 0.10648148148148148
27 0.49973958333333335 0.5652777777777778 0.5692708333333333 0.8675925925925926
