0 0.9044270833333333 0.19537037037037036 0.005729166666666666 0.14814814814814814
3 0.43645833333333334 0.2986111111111111 0.021875 0.03796296296296296
3 0.33932291666666664 0.2800925925925926 0.022395833333333334 0.03796296296296296
0 0.9177083333333333 0.14814814814814814 0.00625 0.05555555555555555
24 0.35078125 0.29814814814814816 0.022395833333333334 0.03888888888888889
13 0.3609375 0.2800925925925926 0.021875 0.03796296296296296
10 0.371875 0.29814814814814816 0.021875 0.03888888888888889
1 0.38255208333333335 0.2800925925925926 0.022395833333333334 0.03796296296296296
18 0.39348958333333334 0.2986111111111111 0.022395833333333334 0.03796296296296296
23 0.4044270833333333 0.2791666666666667 0.022395833333333334 0.03796296296296296
24 0.41484375 0.29907407407407405 0.022395833333333334 0.03888888888888889
14 0.42604166666666665 0.2791666666666667 0.021875 0.03796296296296296
27 0.49895833333333334 0.24861111111111112 0.9375 0.36944444444444446
