0 0.4158854166666667 0.13194444444444445 0.021354166666666667 0.2638888888888889
4 0.42890625 0.08148148148148149 0.0609375 0.10555555555555556
26 0.4583333333333333 0.1361111111111111 0.06041666666666667 0.10555555555555556
23 0.4895833333333333 0.07777777777777778 0.06145833333333333 0.10740740740740741
7 0.5205729166666667 0.1388888888888889 0.06510416666666667 0.10555555555555556
24 0.5513020833333333 0.07777777777777778 0.0640625 0.10740740740740741
7 0.5846354166666666 0.13842592592592592 0.06510416666666667 0.10462962962962963
3 0.6143229166666667 0.07731481481481481 0.0640625 0.10648148148148148
19 0.64921875 0.13842592592592592 0.06510416666666667 0.10462962962962963
9 0.6770833333333334 0.07731481481481481 0.06354166666666666 0.10648148148148148
27 0.49973958333333335 0.3675925925925926 0.5692708333333333 0.7351851851851852
