0 0.9255208333333333 0.5773148148148148 0.00625 0.14722222222222223
18 0.5770833333333333 0.6273148148148148 0.021875 0.03796296296296296
0 0.9377604166666667 0.5055555555555555 0.0078125 0.05555555555555555
5 0.5877604166666667 0.6467592592592593 0.022395833333333334 0.03796296296296296
16 0.5986979166666667 0.6273148148148148 0.022395833333333334 0.03796296296296296
21 0.6091145833333333 0.6467592592592593 0.022395833333333334 0.03796296296296296
23 0.6203125 0.6273148148148148 0.021875 0.03796296296296296
18 0.63046875 0.6467592592592593 0.022395833333333334 0.03796296296296296
6 0.6419270833333334 0.6273148148148148 0.022395833333333334 0.03796296296296296
6 0.6520833333333333 0.6467592592592593 0.021875 0.03796296296296296
2 0.66328125 0.6273148148148148 0.022395833333333334 0.03796296296296296
27 0.49895833333333334 0.5958333333333333 0.9375 0.3527777777777778
