0 0.9375 0.8037037037037037 0.00625 0.14814814814814814
18 0.7677083333333333 0.7726851851851851 0.021875 0.03796296296296296
24 0.6697916666666667 0.7550925925925925 0.021875 0.03796296296296296
0 0.8567708333333334 0.7546296296296297 0.00625 0.05555555555555555
13 0.6815104166666667 0.7726851851851851 0.022395833333333334 0.03796296296296296
13 0.6911458333333333 0.7550925925925925 0.021875 0.03796296296296296
7 0.703125 0.7726851851851851 0.021875 0.03796296296296296
9 0.7127604166666667 0.7550925925925925 0.022395833333333334 0.03796296296296296
19 0.7247395833333333 0.7726851851851851 0.022395833333333334 0.03796296296296296
1 0.734375 0.7550925925925925 0.021875 0.03796296296296296
13 0.74609375 0.7726851851851851 0.022395833333333334 0.03796296296296296
18 0.7559895833333333 0.7550925925925925 0.022395833333333334 0.03796296296296296
27 0.49895833333333334 0.8194444444444444 0.9375 0.3592592592592593
