0 0.92578125 0.18009259259259258 0.005729166666666666 0.14722222222222223
19 0.3145833333333333 0.24953703703703703 0.021875 0.03796296296296296
0 0.9375 0.10833333333333334 0.00625 0.05555555555555555
8 0.3260416666666667 0.2675925925925926 0.021875 0.03888888888888889
25 0.33619791666666665 0.25 0.022395833333333334 0.03888888888888889
13 0.34765625 0.2675925925925926 0.022395833333333334 0.03888888888888889
8 0.3578125 0.25046296296296294 0.021875 0.03796296296296296
17 0.3690104166666667 0.2671296296296296 0.022395833333333334 0.03796296296296296
21 0.37942708333333336 0.25046296296296294 0.022395833333333334 0.03796296296296296
23 0.390625 0.2675925925925926 0.021875 0.03888888888888889
16 0.4010416666666667 0.25 0.021875 0.03888888888888889
27 0.49895833333333334 0.20879629629629629 0.9375 0.3787037037037037
