0 0.92578125 0.26435185185185184 0.005729166666666666 0.14722222222222223
13 0.79609375 0.22916666666666666 0.022395833333333334 0.03981481481481482
0 0.8661458333333333 0.1925925925925926 0.00625 0.05555555555555555
14 0.80859375 0.2111111111111111 0.022395833333333334 0.03888888888888889
8 0.81796875 0.22870370370370371 0.022395833333333334 0.03888888888888889
13 0.8302083333333333 0.2111111111111111 0.021875 0.03888888888888889
3 0.8401041666666667 0.22870370370370371 0.022916666666666665 0.03888888888888889
9 0.8513020833333333 0.2101851851851852 0.021354166666666667 0.03888888888888889
3 0.8625 0.22916666666666666 0.022916666666666665 0.03796296296296296
27 0.49895833333333334 0.287962962962963 0.9375 0.3611111111111111
