0 0.88515625 0.1449074074074074 0.005729166666666666 0.14722222222222223
24 0.278125 0.2773148148148148 0.021875 0.03796296296296296
17 0.18229166666666666 0.25787037037037036 0.021875 0.03796296296296296
0 0.8958333333333334 0.09675925925925925 0.008333333333333333 0.05648148148148148
13 0.19166666666666668 0.2773148148148148 0.021875 0.03796296296296296
1 0.20364583333333333 0.25787037037037036 0.021875 0.03796296296296296
18 0.21328125 0.2773148148148148 0.022395833333333334 0.03796296296296296
19 0.22526041666666666 0.25787037037037036 0.022395833333333334 0.03796296296296296
15 0.23515625 0.2773148148148148 0.022395833333333334 0.03796296296296296
2 0.246875 0.25787037037037036 0.021875 0.03796296296296296
15 0.2565104166666667 0.2773148148148148 0.022395833333333334 0.03796296296296296
7 0.2682291666666667 0.25787037037037036 0.021875 0.03796296296296296
27 0.49895833333333334 0.20046296296296295 0.9375 0.38055555555555554
