5 0.18098958333333334 0.725925925925926 0.021354166666666667 0.037037037037037035
2 0.17161458333333332 0.7444444444444445 0.021354166666666667 0.037037037037037035
3 0.16015625 0.725925925925926 0.021354166666666667 0.037037037037037035
1 0.15026041666666667 0.7444444444444445 0.022395833333333334 0.037037037037037035
16 0.13958333333333334 0.7263888888888889 0.020833333333333332 0.03611111111111111
17 0.12916666666666668 0.7444444444444445 0.021875 0.037037037037037035
8 0.11901041666666666 0.7268518518518519 0.021354166666666667 0.037037037037037035
8 0.1078125 0.7439814814814815 0.021875 0.03611111111111111
8 0.0984375 0.7268518518518519 0.021875 0.037037037037037035
27 0.5005208333333333 0.7398148148148148 0.90625 0.35
