0 0.8848958333333333 0.12407407407407407 0.00625 0.14814814814814814
14 0.8557291666666667 0.2652777777777778 0.021875 0.03796296296296296
0 0.9049479166666666 0.08009259259259259 0.005729166666666666 0.05648148148148148
12 0.8682291666666667 0.24768518518518517 0.021875 0.03796296296296296
15 0.87734375 0.2652777777777778 0.022395833333333334 0.03796296296296296
6 0.88984375 0.24768518518518517 0.022395833333333334 0.03796296296296296
19 0.8989583333333333 0.2652777777777778 0.021875 0.03796296296296296
2 0.9111979166666667 0.24768518518518517 0.022395833333333334 0.03796296296296296
7 0.9205729166666666 0.2652777777777778 0.022395833333333334 0.03796296296296296
19 0.9328125 0.24768518518518517 0.021875 0.03796296296296296
27 0.49895833333333334 0.18796296296296297 0.9375 0.37592592592592594
