0 0.43984375 0.3189814814814815 0.019270833333333334 0.41944444444444445
26 0.31536458333333334 0.8217592592592593 0.06197916666666667 0.10648148148148148
0 0.6151041666666667 0.18333333333333332 0.021875 0.1574074074074074
13 0.34427083333333336 0.7675925925925926 0.059375 0.10555555555555556
1 0.3768229166666667 0.8240740740740741 0.06197916666666667 0.10740740740740741
20 0.40546875 0.7662037037037037 0.06510416666666667 0.10462962962962963
6 0.4390625 0.8245370370370371 0.06354166666666666 0.10648148148148148
22 0.46979166666666666 0.7652777777777777 0.065625 0.10462962962962963
2 0.5020833333333333 0.8245370370370371 0.06354166666666666 0.10648148148148148
2 0.5341145833333333 0.7657407407407407 0.06510416666666667 0.1037037037037037
27 0.49973958333333335 0.49953703703703706 0.5692708333333333 0.9990740740740741
