0 0.9046875 0.5592592592592592 0.005208333333333333 0.14814814814814814
14 0.08828125 0.600925925925926 0.022395833333333334 0.03888888888888889
0 0.8770833333333333 0.5115740740740741 0.00625 0.05648148148148148
3 0.10052083333333334 0.6199074074074075 0.021875 0.03796296296296296
20 0.10963541666666667 0.600925925925926 0.022395833333333334 0.03888888888888889
18 0.12213541666666666 0.6199074074074075 0.022395833333333334 0.03796296296296296
6 0.13125 0.6013888888888889 0.021875 0.03796296296296296
24 0.14348958333333334 0.6199074074074075 0.022395833333333334 0.03796296296296296
2 0.15286458333333333 0.600925925925926 0.022395833333333334 0.037037037037037035
17 0.16510416666666666 0.6199074074074075 0.021875 0.03796296296296296
19 0.17447916666666666 0.600925925925926 0.021875 0.03888888888888889
27 0.49895833333333334 0.6032407407407407 0.9375 0.3527777777777778
