0 0.8958333333333334 0.8629629629629629 0.00625 0.14814814814814814
18 0.8627604166666667 0.9986111111111111 0.0015625 0.000925925925925926
0 0.87734375 0.8185185185185185 0.0067708333333333336 0.05555555555555555
23 0.8734375 0.9902777777777778 0.021875 0.017592592592592594
9 0.884375 0.9986111111111111 0.0020833333333333333 0.000925925925925926
13 0.8947916666666667 0.9902777777777778 0.021875 0.017592592592592594
8 0.9057291666666667 0.9986111111111111 0.0020833333333333333 0.000925925925925926
6 0.9166666666666666 0.9902777777777778 0.021875 0.017592592592592594
6 0.9270833333333334 0.9986111111111111 0.0020833333333333333 0.000925925925925926
27 0.49895833333333334 0.8439814814814814 0.9375 0.3101851851851852
