0 0.88515625 0.5106481481481482 0.005729166666666666 0.14722222222222223
20 0.546875 0.48703703703703705 0.021875 0.03888888888888889
0 0.8567708333333334 0.46064814814814814 0.00625 0.05648148148148148
1 0.5575520833333333 0.5055555555555555 0.022395833333333334 0.03888888888888889
17 0.5682291666666667 0.48657407407407405 0.021875 0.03796296296296296
13 0.5794270833333334 0.5055555555555555 0.022395833333333334 0.03888888888888889
20 0.58984375 0.48703703703703705 0.022395833333333334 0.03888888888888889
10 0.6010416666666667 0.5050925925925925 0.021875 0.03796296296296296
20 0.6111979166666667 0.48657407407407405 0.022395833333333334 0.03796296296296296
8 0.6223958333333334 0.5055555555555555 0.021875 0.037037037037037035
10 0.6328125 0.48657407407407405 0.021875 0.03796296296296296
27 0.49895833333333334 0.5564814814814815 0.9375 0.3537037037037037
