16 0.49947916666666664 0.23935185185185184 0.021875 0.03611111111111111
18 0.5934895833333333 0.2212962962962963 0.021354166666666667 0.037037037037037035
8 0.5830729166666667 0.2388888888888889 0.021354166666666667 0.037037037037037035
17 0.57265625 0.22083333333333333 0.021354166666666667 0.03611111111111111
15 0.5625 0.23935185185185184 0.021875 0.03611111111111111
21 0.5515625 0.22083333333333333 0.021875 0.03611111111111111
20 0.54140625 0.23935185185185184 0.021354166666666667 0.03796296296296296
23 0.5309895833333333 0.22083333333333333 0.021354166666666667 0.03611111111111111
15 0.5205729166666667 0.23935185185185184 0.021354166666666667 0.03796296296296296
20 0.51015625 0.22083333333333333 0.021354166666666667 0.03611111111111111
27 0.5005208333333333 0.22361111111111112 0.90625 0.35648148148148145
