0 0.9375 0.7212962962962963 0.00625 0.14814814814814814
20 0.790625 0.6652777777777777 0.021875 0.03796296296296296
0 0.8661458333333333 0.6773148148148148 0.00625 0.05648148148148148
11 0.80234375 0.6828703703703703 0.022395833333333334 0.03796296296296296
25 0.8119791666666667 0.6652777777777777 0.021875 0.03796296296296296
10 0.8239583333333333 0.6833333333333333 0.021875 0.037037037037037035
1 0.8333333333333334 0.6652777777777777 0.021875 0.03796296296296296
2 0.8455729166666667 0.6828703703703703 0.022395833333333334 0.03796296296296296
9 0.8549479166666667 0.6652777777777777 0.022395833333333334 0.03796296296296296
25 0.8671875 0.6828703703703703 0.021875 0.03796296296296296
20 0.8765625 0.6652777777777777 0.021875 0.03796296296296296
27 0.49895833333333334 0.7615740740740741 0.9375 0.3712962962962963
