8 0.46588541666666666 0.6550925925925926 0.021354166666666667 0.03611111111111111
18 0.56015625 0.6370370370370371 0.021354166666666667 0.037037037037037035
9 0.5497395833333333 0.6555555555555556 0.021354166666666667 0.037037037037037035
16 0.5393229166666667 0.6370370370370371 0.021354166666666667 0.037037037037037035
23 0.52890625 0.6555555555555556 0.021354166666666667 0.037037037037037035
6 0.5182291666666666 0.6375 0.021875 0.03611111111111111
12 0.5078125 0.6555555555555556 0.021875 0.037037037037037035
11 0.49713541666666666 0.6370370370370371 0.021354166666666667 0.037037037037037035
9 0.48671875 0.6555555555555556 0.021354166666666667 0.037037037037037035
15 0.47630208333333335 0.6375 0.021354166666666667 0.03611111111111111
27 0.5005208333333333 0.7337962962962963 0.90625 0.3509259259259259
