0 0.6942708333333333 0.5601851851851852 0.017708333333333333 0.40925925925925927
6 0.64921875 0.7875 0.06510416666666667 0.10462962962962963
3 0.36796875 0.736574074074074 0.06302083333333333 0.10462962962962963
0 0.30390625 0.43796296296296294 0.0203125 0.1537037037037037
5 0.39921875 0.7921296296296296 0.058854166666666666 0.10648148148148148
1 0.42916666666666664 0.7393518518518518 0.06041666666666667 0.10648148148148148
15 0.4583333333333333 0.7898148148148149 0.06041666666666667 0.10555555555555556
14 0.4895833333333333 0.7407407407407407 0.06145833333333333 0.10740740740740741
19 0.5205729166666667 0.7875 0.06510416666666667 0.10462962962962963
5 0.5513020833333333 0.7416666666666667 0.0640625 0.10740740740740741
3 0.5848958333333333 0.7875 0.065625 0.10462962962962963
17 0.6143229166666667 0.7412037037037037 0.0640625 0.10648148148148148
27 0.49973958333333335 0.6189814814814815 0.5692708333333333 0.7601851851851852
