0 0.8658854166666666 0.350462962962963 0.005729166666666666 0.14722222222222223
2 0.3033854166666667 0.4625 0.022395833333333334 0.03796296296296296
6 0.20677083333333332 0.4439814814814815 0.021875 0.03796296296296296
0 0.87734375 0.3037037037037037 0.0067708333333333336 0.05555555555555555
6 0.21640625 0.4625 0.022395833333333334 0.03796296296296296
22 0.22838541666666667 0.4439814814814815 0.022395833333333334 0.03796296296296296
18 0.23802083333333332 0.46296296296296297 0.022916666666666665 0.03888888888888889
11 0.24947916666666667 0.4439814814814815 0.021875 0.03796296296296296
15 0.2596354166666667 0.4625 0.022395833333333334 0.03796296296296296
9 0.2708333333333333 0.4439814814814815 0.021875 0.03796296296296296
17 0.28177083333333336 0.4625 0.022916666666666665 0.03796296296296296
13 0.29192708333333334 0.4439814814814815 0.022395833333333334 0.03796296296296296
27 0.49895833333333334 0.39305555555555555 0.9375 0.3527777777777778
