0 0.8658854166666666 0.06851851851851852 0.005729166666666666 0.13703703703703704
17 0.7119791666666667 0.13935185185185187 0.021875 0.03796296296296296
1 0.61484375 0.12083333333333333 0.022395833333333334 0.03796296296296296
0 0.9375 0.022685185185185187 0.00625 0.04537037037037037
3 0.6263020833333334 0.1412037037037037 0.022395833333333334 0.03796296296296296
5 0.6369791666666667 0.12175925925925926 0.022916666666666665 0.03796296296296296
14 0.6473958333333333 0.14027777777777778 0.021875 0.03796296296296296
12 0.65859375 0.12222222222222222 0.022395833333333334 0.03888888888888889
12 0.66875 0.1398148148148148 0.021875 0.03888888888888889
5 0.68046875 0.12268518518518519 0.022395833333333334 0.03796296296296296
10 0.6901041666666666 0.13935185185185187 0.021875 0.03796296296296296
2 0.7018229166666666 0.12268518518518519 0.022395833333333334 0.03796296296296296
27 0.49895833333333334 0.16296296296296298 0.9375 0.32592592592592595
