0 0.8958333333333334 0.6925925925925925 0.00625 0.14814814814814814
20 0.6372395833333333 0.737037037037037 0.0203125 0.03518518518518519
0 0.8770833333333333 0.6486111111111111 0.00625 0.05648148148148148
25 0.6473958333333333 0.7199074074074074 0.020833333333333332 0.03611111111111111
13 0.6572916666666667 0.7347222222222223 0.020833333333333332 0.03425925925925926
8 0.6682291666666667 0.7189814814814814 0.021875 0.03425925925925926
13 0.6783854166666666 0.7347222222222223 0.022395833333333334 0.03425925925925926
20 0.68984375 0.7194444444444444 0.022395833333333334 0.03518518518518519
22 0.7010416666666667 0.737037037037037 0.023958333333333335 0.03518518518518519
27 0.49895833333333334 0.7351851851851852 0.9375 0.36666666666666664
