0 0.4171875 0.49398148148148147 0.01875 0.4101851851851852
26 0.46901041666666665 0.8699074074074075 0.06510416666666667 0.10462962962962963
0 0.30390625 0.3675925925925926 0.0203125 0.1537037037037037
8 0.5010416666666667 0.9314814814814815 0.06354166666666666 0.10740740740740741
7 0.5333333333333333 0.8699074074074075 0.065625 0.10462962962962963
23 0.5638020833333334 0.9314814814814815 0.06302083333333333 0.10740740740740741
4 0.5963541666666666 0.8708333333333333 0.0625 0.10462962962962963
3 0.6255208333333333 0.9287037037037037 0.06145833333333333 0.10555555555555556
19 0.6559895833333333 0.8740740740740741 0.058854166666666666 0.10740740740740741
27 0.49973958333333335 0.5810185185185185 0.5692708333333333 0.8361111111111111
