12 0.58671875 0.4648148148148148 0.021354166666666667 0.037037037037037035
17 0.5765625 0.4824074074074074 0.021875 0.037037037037037035
1 0.5658854166666667 0.4648148148148148 0.021354166666666667 0.037037037037037035
18 0.55546875 0.4824074074074074 0.021354166666666667 0.037037037037037035
14 0.5450520833333333 0.4648148148148148 0.021354166666666667 0.037037037037037035
26 0.5346354166666667 0.4824074074074074 0.021354166666666667 0.037037037037037035
8 0.52421875 0.4648148148148148 0.021354166666666667 0.037037037037037035
16 0.5138020833333333 0.4824074074074074 0.021354166666666667 0.037037037037037035
12 0.503125 0.4648148148148148 0.021875 0.037037037037037035
27 0.5005208333333333 0.49398148148148147 0.90625 0.3416666666666667
