13 0.5348958333333333 0.5277777777777778 0.021875 0.037037037037037035
6 0.5247395833333334 0.5453703703703704 0.021354166666666667 0.037037037037037035
14 0.5140625 0.5277777777777778 0.021875 0.037037037037037035
19 0.50390625 0.5453703703703704 0.021354166666666667 0.037037037037037035
19 0.49322916666666666 0.5277777777777778 0.021875 0.037037037037037035
23 0.4825520833333333 0.5453703703703704 0.021354166666666667 0.037037037037037035
25 0.47213541666666664 0.5273148148148148 0.021354166666666667 0.03611111111111111
19 0.46171875 0.5453703703703704 0.021354166666666667 0.037037037037037035
20 0.4513020833333333 0.5273148148148148 0.021354166666666667 0.03611111111111111
27 0.5005208333333333 0.6476851851851851 0.90625 0.3416666666666667
