0 0.5549479166666667 0.2689814814814815 0.019270833333333334 0.41944444444444445
26 0.44505208333333335 0.6231481481481481 0.0640625 0.10740740740740741
0 0.58359375 0.14907407407407408 0.0203125 0.1537037037037037
26 0.47578125 0.5680555555555555 0.06510416666666667 0.10462962962962963
6 0.5075520833333333 0.6231481481481481 0.06302083333333333 0.10740740740740741
10 0.5390625 0.5680555555555555 0.0625 0.10462962962962963
16 0.56875 0.6217592592592592 0.06041666666666667 0.10648148148148148
10 0.5989583333333334 0.5689814814814815 0.059375 0.10648148148148148
14 0.6294270833333333 0.6208333333333333 0.06197916666666667 0.10462962962962963
15 0.6580729166666667 0.5699074074074074 0.059895833333333336 0.10648148148148148
27 0.49973958333333335 0.4810185185185185 0.5692708333333333 0.962037037037037
