0 0.5822916666666667 0.300462962962963 0.019791666666666666 0.4101851851851852
1 0.48802083333333335 0.48009259259259257 0.06041666666666667 0.10648148148148148
0 0.5557291666666667 0.15324074074074073 0.020833333333333332 0.15648148148148147
6 0.51875 0.42824074074074076 0.06354166666666666 0.10462962962962963
9 0.5489583333333333 0.48009259259259257 0.06354166666666666 0.10648148148148148
19 0.58203125 0.4287037037037037 0.06510416666666667 0.1037037037037037
23 0.61171875 0.47962962962962963 0.0640625 0.10740740740740741
25 0.6466145833333333 0.42824074074074076 0.06510416666666667 0.10462962962962963
3 0.675 0.47962962962962963 0.06354166666666666 0.10740740740740741
27 0.49973958333333335 0.49212962962962964 0.5692708333333333 0.9842592592592593
