2 0.35494791666666664 0.8212962962962963 0.021354166666666667 0.037037037037037035
12 0.44921875 0.8037037037037037 0.021354166666666667 0.037037037037037035
18 0.4388020833333333 0.8208333333333333 0.021354166666666667 0.03611111111111111
6 0.4283854166666667 0.8037037037037037 0.021354166666666667 0.037037037037037035
8 0.41744791666666664 0.8203703703703704 0.021354166666666667 0.037037037037037035
20 0.40729166666666666 0.8037037037037037 0.021875 0.037037037037037035
7 0.3966145833333333 0.8208333333333333 0.021354166666666667 0.03611111111111111
7 0.38619791666666664 0.8032407407407407 0.021354166666666667 0.03611111111111111
16 0.37578125 0.8212962962962963 0.021354166666666667 0.037037037037037035
24 0.3653645833333333 0.8027777777777778 0.021354166666666667 0.037037037037037035
27 0.5005208333333333 0.7791666666666667 0.90625 0.35648148148148145
