5 0.7575520833333333 0.6203703703703703 0.021354166666666667 0.037037037037037035
10 0.8510416666666667 0.6023148148148149 0.021875 0.03611111111111111
25 0.840625 0.6203703703703703 0.020833333333333332 0.037037037037037035
11 0.8302083333333333 0.6023148148148149 0.021875 0.03611111111111111
17 0.8200520833333333 0.6203703703703703 0.021354166666666667 0.037037037037037035
16 0.8088541666666667 0.6023148148148149 0.021875 0.03611111111111111
1 0.79921875 0.6203703703703703 0.021354166666666667 0.037037037037037035
6 0.78828125 0.6027777777777777 0.021354166666666667 0.037037037037037035
25 0.7783854166666667 0.6199074074074075 0.021354166666666667 0.03796296296296296
4 0.7671875 0.6027777777777777 0.021875 0.037037037037037035
27 0.5005208333333333 0.5180555555555556 0.90625 0.3416666666666667
