0 0.303125 0.1398148148148148 0.01875 0.2796296296296296
4 0.44244791666666666 0.3337962962962963 0.0640625 0.10648148148148148
0 0.50078125 0.00787037037037037 0.021354166666666667 0.01574074074074074
13 0.47317708333333336 0.38935185185185184 0.06510416666666667 0.10462962962962963
18 0.50546875 0.3337962962962963 0.0640625 0.10648148148148148
13 0.5372395833333333 0.38935185185185184 0.0640625 0.10462962962962963
5 0.5671875 0.3337962962962963 0.06145833333333333 0.10648148148148148
6 0.5984375 0.38796296296296295 0.059375 0.10555555555555556
5 0.628125 0.33611111111111114 0.06145833333333333 0.10555555555555556
2 0.65703125 0.3875 0.058854166666666666 0.10648148148148148
27 0.49973958333333335 0.37222222222222223 0.5692708333333333 0.7444444444444445
