0 0.9375 0.6694444444444444 0.00625 0.14814814814814814
18 0.2864583333333333 0.7800925925925926 0.021875 0.03796296296296296
6 0.1890625 0.7606481481481482 0.021875 0.03796296296296296
0 0.9174479166666667 0.6222222222222222 0.005729166666666666 0.05555555555555555
5 0.2 0.7791666666666667 0.022916666666666665 0.03796296296296296
7 0.21041666666666667 0.7606481481481482 0.021875 0.03796296296296296
2 0.22213541666666667 0.7800925925925926 0.022395833333333334 0.03796296296296296
1 0.23151041666666666 0.7606481481481482 0.022395833333333334 0.03796296296296296
24 0.24348958333333334 0.7800925925925926 0.022395833333333334 0.03796296296296296
9 0.25338541666666664 0.7601851851851852 0.022395833333333334 0.037037037037037035
23 0.26510416666666664 0.7800925925925926 0.021875 0.03796296296296296
5 0.2747395833333333 0.7606481481481482 0.022395833333333334 0.03796296296296296
27 0.49895833333333334 0.712037037037037 0.9375 0.3611111111111111
