0 0.9375 0.21296296296296297 0.00625 0.14814814814814814
10 0.5057291666666667 0.17824074074074073 0.021875 0.03796296296296296
0 0.8854166666666666 0.16435185185185186 0.005208333333333333 0.05648148148148148
22 0.5166666666666667 0.16111111111111112 0.021875 0.03888888888888889
5 0.52734375 0.1787037037037037 0.022395833333333334 0.03888888888888889
8 0.53828125 0.16111111111111112 0.022395833333333334 0.03888888888888889
16 0.5489583333333333 0.17824074074074073 0.021875 0.03796296296296296
13 0.5596354166666667 0.16157407407407406 0.022395833333333334 0.03796296296296296
3 0.5703125 0.17824074074074073 0.021875 0.03796296296296296
27 0.49895833333333334 0.26342592592592595 0.9375 0.3638888888888889
