10 0.31953125 0.7791666666666667 0.021354166666666667 0.03611111111111111
8 0.309375 0.7976851851851852 0.021875 0.03611111111111111
4 0.2986979166666667 0.7796296296296297 0.021354166666666667 0.037037037037037035
8 0.28854166666666664 0.7976851851851852 0.021875 0.03611111111111111
1 0.27786458333333336 0.7796296296296297 0.021354166666666667 0.037037037037037035
3 0.2671875 0.7972222222222223 0.021875 0.037037037037037035
13 0.25703125 0.7800925925925926 0.021354166666666667 0.03611111111111111
12 0.24635416666666668 0.7972222222222223 0.021875 0.037037037037037035
17 0.23619791666666667 0.7805555555555556 0.021354166666666667 0.037037037037037035
27 0.5005208333333333 0.7828703703703703 0.90625 0.35648148148148145
