6 0.17578125 0.762962962962963 0.021354166666666667 0.037037037037037035
7 0.26953125 0.7453703703703703 0.021354166666666667 0.037037037037037035
20 0.25859375 0.7625 0.021354166666666667 0.03611111111111111
12 0.24869791666666666 0.7453703703703703 0.021354166666666667 0.037037037037037035
16 0.23828125 0.762962962962963 0.021354166666666667 0.037037037037037035
17 0.22760416666666666 0.7453703703703703 0.021875 0.037037037037037035
6 0.21744791666666666 0.762962962962963 0.021354166666666667 0.037037037037037035
1 0.20651041666666667 0.7449074074074075 0.021354166666666667 0.03611111111111111
19 0.19661458333333334 0.762962962962963 0.021354166666666667 0.037037037037037035
4 0.18541666666666667 0.7453703703703703 0.021875 0.037037037037037035
27 0.5005208333333333 0.8064814814814815 0.90625 0.3611111111111111
