0 0.5825520833333333 0.4324074074074074 0.019270833333333334 0.40925925925925927
15 0.49583333333333335 0.5833333333333334 0.06354166666666666 0.10740740740740741
0 0.61484375 0.30462962962962964 0.021354166666666667 0.1574074074074074
5 0.5283854166666667 0.6328703703703704 0.06510416666666667 0.10462962962962963
13 0.5588541666666667 0.5833333333333334 0.06354166666666666 0.10740740740740741
26 0.5924479166666666 0.6328703703703704 0.06510416666666667 0.10462962962962963
1 0.6216145833333333 0.5833333333333334 0.06302083333333333 0.10740740740740741
9 0.6546875 0.6337962962962963 0.06041666666666667 0.10462962962962963
12 0.6830729166666667 0.5824074074074074 0.06197916666666667 0.10555555555555556
27 0.49973958333333335 0.5504629629629629 0.5692708333333333 0.8972222222222223
