0 0.8658854166666666 0.3060185185185185 0.005729166666666666 0.14722222222222223
20 0.8236979166666667 0.3578703703703704 0.022395833333333334 0.03796296296296296
0 0.87734375 0.2601851851851852 0.0078125 0.05555555555555555
24 0.8330729166666667 0.37592592592592594 0.022395833333333334 0.03888888888888889
18 0.8453125 0.3578703703703704 0.021875 0.03796296296296296
16 0.8546875 0.37592592592592594 0.021875 0.03888888888888889
10 0.8669270833333333 0.3578703703703704 0.022395833333333334 0.03796296296296296
24 0.8763020833333334 0.37592592592592594 0.022395833333333334 0.03888888888888889
20 0.8888020833333333 0.3578703703703704 0.022395833333333334 0.03796296296296296
15 0.89765625 0.37592592592592594 0.022395833333333334 0.03888888888888889
20 0.91015625 0.3578703703703704 0.022395833333333334 0.03796296296296296
27 0.49895833333333334 0.35324074074074074 0.9375 0.3527777777777778
