0 0.5265625 0.5009259259259259 0.01875 0.40925925925925927
5 0.4549479166666667 0.8648148148148148 0.059895833333333336 0.1037037037037037
0 0.3028645833333333 0.37546296296296294 0.0234375 0.15462962962962962
12 0.48489583333333336 0.9055555555555556 0.06041666666666667 0.08888888888888889
2 0.5140625 0.8583333333333333 0.06041666666666667 0.0962962962962963
8 0.54375 0.9013888888888889 0.059375 0.0787037037037037
7 0.5755208333333334 0.8550925925925926 0.06354166666666666 0.09351851851851851
21 0.6041666666666666 0.9078703703703703 0.06354166666666666 0.08425925925925926
19 0.6393229166666666 0.8574074074074074 0.06510416666666667 0.1
12 0.6674479166666667 0.9171296296296296 0.0640625 0.10092592592592593
27 0.49973958333333335 0.5879629629629629 0.5692708333333333 0.8222222222222222
