0 0.9174479166666667 0.524074074074074 0.005729166666666666 0.14814814814814814
25 0.29635416666666664 0.562037037037037 0.021875 0.03888888888888889
0 0.8854166666666666 0.4791666666666667 0.00625 0.05648148148148148
26 0.3078125 0.5810185185185185 0.021875 0.03796296296296296
19 0.31796875 0.5625 0.022395833333333334 0.03796296296296296
25 0.3294270833333333 0.5814814814814815 0.022395833333333334 0.03888888888888889
23 0.33958333333333335 0.5625 0.021875 0.03796296296296296
12 0.35078125 0.5810185185185185 0.022395833333333334 0.03796296296296296
25 0.3611979166666667 0.5625 0.022395833333333334 0.03796296296296296
6 0.3723958333333333 0.5810185185185185 0.021875 0.03796296296296296
23 0.38307291666666665 0.5625 0.022395833333333334 0.03796296296296296
27 0.49895833333333334 0.5736111111111111 0.9375 0.3527777777777778
