6 0.11223958333333334 0.13657407407407407 0.021354166666666667 0.03611111111111111
2 0.20546875 0.11944444444444445 0.021354166666666667 0.037037037037037035
11 0.19557291666666668 0.13657407407407407 0.021354166666666667 0.03611111111111111
20 0.184375 0.11944444444444445 0.021875 0.037037037037037035
4 0.17473958333333334 0.13657407407407407 0.021354166666666667 0.03611111111111111
26 0.16328125 0.11944444444444445 0.021354166666666667 0.037037037037037035
14 0.15390625 0.13657407407407407 0.021354166666666667 0.03611111111111111
21 0.14244791666666667 0.11944444444444445 0.021354166666666667 0.037037037037037035
23 0.1328125 0.1361111111111111 0.021875 0.037037037037037035
17 0.12161458333333333 0.11944444444444445 0.021354166666666667 0.037037037037037035
27 0.5005208333333333 0.15925925925925927 0.90625 0.31851851851851853
