0 0.8958333333333334 0.8953703703703704 0.00625 0.14814814814814814
22 0.6317708333333333 0.9013888888888889 0.021875 0.03796296296296296
0 0.8770833333333333 0.8495370370370371 0.00625 0.05648148148148148
8 0.64296875 0.9180555555555555 0.022395833333333334 0.03796296296296296
17 0.653125 0.9009259259259259 0.021875 0.03888888888888889
2 0.6645833333333333 0.9180555555555555 0.021875 0.03796296296296296
10 0.6744791666666666 0.9013888888888889 0.021875 0.03796296296296296
21 0.6861979166666666 0.9180555555555555 0.022395833333333334 0.03796296296296296
5 0.69609375 0.9013888888888889 0.022395833333333334 0.03796296296296296
18 0.7078125 0.9180555555555555 0.021875 0.03796296296296296
17 0.71796875 0.9004629629629629 0.022395833333333334 0.03796296296296296
27 0.49895833333333334 0.8569444444444444 0.9375 0.28425925925925927
