10 0.8161458333333333 0.2074074074074074 0.021875 0.037037037037037035
25 0.9098958333333333 0.18981481481481483 0.021875 0.037037037037037035
26 0.8994791666666667 0.2074074074074074 0.020833333333333332 0.037037037037037035
8 0.8885416666666667 0.18888888888888888 0.021875 0.037037037037037035
12 0.87890625 0.2074074074074074 0.021354166666666667 0.037037037037037035
25 0.8677083333333333 0.18888888888888888 0.021875 0.037037037037037035
20 0.8580729166666666 0.2074074074074074 0.021354166666666667 0.037037037037037035
8 0.8466145833333333 0.18888888888888888 0.021354166666666667 0.037037037037037035
5 0.8372395833333334 0.2074074074074074 0.021354166666666667 0.037037037037037035
16 0.82578125 0.18888888888888888 0.021354166666666667 0.037037037037037035
27 0.5005208333333333 0.23287037037037037 0.90625 0.35462962962962963
