0 0.8958333333333334 0.7453703703703703 0.00625 0.14814814814814814
25 0.5841145833333333 0.8717592592592592 0.022395833333333334 0.03796296296296296
0 0.8770833333333333 0.6958333333333333 0.00625 0.05648148148148148
5 0.59453125 0.8916666666666667 0.022395833333333334 0.03888888888888889
20 0.6057291666666667 0.8717592592592592 0.021875 0.03796296296296296
22 0.61640625 0.8912037037037037 0.022395833333333334 0.03796296296296296
24 0.6270833333333333 0.8722222222222222 0.021875 0.03888888888888889
12 0.63828125 0.8902777777777777 0.022395833333333334 0.03796296296296296
7 0.6484375 0.8731481481481481 0.021875 0.03888888888888889
23 0.6596354166666667 0.8902777777777777 0.022395833333333334 0.03796296296296296
21 0.6697916666666667 0.8731481481481481 0.021875 0.03888888888888889
27 0.49895833333333334 0.7787037037037037 0.9375 0.37592592592592594
