0 0.8765625 0.18981481481481483 0.00625 0.14814814814814814
26 0.15520833333333334 0.18981481481481483 0.021875 0.03888888888888889
0 0.9177083333333333 0.14675925925925926 0.005208333333333333 0.05648148148148148
23 0.16770833333333332 0.1699074074074074 0.021875 0.03796296296296296
19 0.17708333333333334 0.18935185185185185 0.021875 0.03796296296296296
8 0.18880208333333334 0.17037037037037037 0.021354166666666667 0.03888888888888889
17 0.19895833333333332 0.18935185185185185 0.022916666666666665 0.03796296296296296
5 0.20963541666666666 0.17083333333333334 0.021354166666666667 0.03796296296296296
18 0.22109375 0.18888888888888888 0.022395833333333334 0.03888888888888889
13 0.23098958333333333 0.1712962962962963 0.022395833333333334 0.03888888888888889
27 0.49895833333333334 0.24537037037037038 0.9375 0.37037037037037035
