0 0.671875 0.27824074074074073 0.021875 0.41944444444444445
10 0.43645833333333334 0.46064814814814814 0.06354166666666666 0.10648148148148148
0 0.6427083333333333 0.15138888888888888 0.019791666666666666 0.15462962962962962
12 0.4671875 0.5125 0.065625 0.10462962962962963
6 0.49947916666666664 0.46064814814814814 0.06354166666666666 0.10648148148148148
16 0.53125 0.512962962962963 0.06458333333333334 0.1037037037037037
24 0.5611979166666666 0.4671296296296296 0.06197916666666667 0.09351851851851851
17 0.5950520833333334 0.513425925925926 0.0640625 0.10462962962962963
7 0.6231770833333333 0.46064814814814814 0.06302083333333333 0.10648148148148148
23 0.6557291666666667 0.512962962962963 0.059375 0.10555555555555556
27 0.49973958333333335 0.4847222222222222 0.5692708333333333 0.9694444444444444
