0 0.5265625 0.5027777777777778 0.01875 0.40925925925925927
5 0.34270833333333334 0.5171296296296296 0.058333333333333334 0.10648148148148148
0 0.5557291666666667 0.3763888888888889 0.020833333333333332 0.15648148148148147
1 0.37213541666666666 0.4648148148148148 0.0609375 0.10555555555555556
14 0.40130208333333334 0.5171296296296296 0.059895833333333336 0.10462962962962963
10 0.43307291666666664 0.4648148148148148 0.06197916666666667 0.10740740740740741
13 0.4627604166666667 0.5171296296296296 0.06510416666666667 0.10462962962962963
18 0.4953125 0.4648148148148148 0.06354166666666666 0.10740740740740741
25 0.52734375 0.5171296296296296 0.06510416666666667 0.10462962962962963
2 0.5583333333333333 0.4648148148148148 0.06354166666666666 0.10740740740740741
27 0.49973958333333335 0.587037037037037 0.5692708333333333 0.8240740740740741
