0 0.8958333333333334 0.6601851851851852 0.00625 0.14814814814814814
18 0.4309895833333333 0.6069444444444444 0.022395833333333334 0.03796296296296296
0 0.8661458333333333 0.6157407407407407 0.005208333333333333 0.05555555555555555
14 0.44140625 0.5884259259259259 0.022395833333333334 0.03796296296296296
7 0.45260416666666664 0.6069444444444444 0.021875 0.03796296296296296
21 0.4630208333333333 0.5879629629629629 0.021875 0.03888888888888889
18 0.4739583333333333 0.6069444444444444 0.021875 0.03796296296296296
3 0.48463541666666665 0.5884259259259259 0.022395833333333334 0.03796296296296296
23 0.49557291666666664 0.6069444444444444 0.022395833333333334 0.03796296296296296
27 0.49895833333333334 0.7046296296296296 0.9375 0.3592592592592593
