25 0.21328125 0.8712962962962963 0.021354166666666667 0.037037037037037035
13 0.20182291666666666 0.8888888888888888 0.021354166666666667 0.037037037037037035
6 0.19244791666666666 0.8717592592592592 0.021354166666666667 0.03611111111111111
22 0.18098958333333334 0.8888888888888888 0.021354166666666667 0.037037037037037035
22 0.17135416666666667 0.8717592592592592 0.021875 0.03611111111111111
20 0.16015625 0.8888888888888888 0.021354166666666667 0.037037037037037035
9 0.15052083333333333 0.8722222222222222 0.021875 0.037037037037037035
20 0.13958333333333334 0.8888888888888888 0.020833333333333332 0.037037037037037035
24 0.12916666666666668 0.8712962962962963 0.021875 0.037037037037037035
27 0.5005208333333333 0.8689814814814815 0.90625 0.2601851851851852
