0 0.8565104166666667 0.5824074074074074 0.005729166666666666 0.14814814814814814
4 0.81015625 0.6106481481481482 0.021354166666666667 0.03796296296296296
0 0.86640625 0.537962962962963 0.0067708333333333336 0.05555555555555555
12 0.8208333333333333 0.5921296296296297 0.022916666666666665 0.03796296296296296
13 0.8309895833333333 0.6106481481481482 0.021354166666666667 0.03796296296296296
15 0.84296875 0.5921296296296297 0.022395833333333334 0.03796296296296296
6 0.85234375 0.6111111111111112 0.022395833333333334 0.03888888888888889
20 0.8645833333333334 0.5921296296296297 0.021875 0.03796296296296296
13 0.8739583333333333 0.6111111111111112 0.021875 0.03888888888888889
27 0.49895833333333334 0.6300925925925925 0.9375 0.3527777777777778
