3 0.8622395833333333 0.3861111111111111 0.021354166666666667 0.037037037037037035
11 0.8526041666666667 0.4041666666666667 0.021875 0.03611111111111111
5 0.84140625 0.3861111111111111 0.021354166666666667 0.037037037037037035
13 0.8317708333333333 0.40370370370370373 0.021875 0.037037037037037035
22 0.8208333333333333 0.3861111111111111 0.020833333333333332 0.037037037037037035
26 0.8104166666666667 0.40370370370370373 0.021875 0.037037037037037035
24 0.8002604166666667 0.3861111111111111 0.021354166666666667 0.037037037037037035
13 0.7890625 0.40370370370370373 0.021875 0.037037037037037035
17 0.7794270833333333 0.3861111111111111 0.021354166666666667 0.037037037037037035
27 0.5005208333333333 0.45046296296296295 0.90625 0.3416666666666667
