0 0.9044270833333333 0.8435185185185186 0.005729166666666666 0.14814814814814814
6 0.6606770833333333 0.9597222222222223 0.022395833333333334 0.03796296296296296
0 0.9260416666666667 0.825 0.00625 0.05555555555555555
24 0.6708333333333333 0.9430555555555555 0.021875 0.03796296296296296
25 0.6822916666666666 0.9597222222222223 0.021875 0.03796296296296296
13 0.6921875 0.9430555555555555 0.021875 0.03796296296296296
24 0.70390625 0.9597222222222223 0.022395833333333334 0.03796296296296296
24 0.7138020833333333 0.9430555555555555 0.022395833333333334 0.03796296296296296
13 0.7255208333333333 0.9597222222222223 0.021875 0.03796296296296296
27 0.49895833333333334 0.836574074074074 0.9375 0.325
