0 0.6138020833333333 0.8101851851851852 0.019270833333333334 0.37777777777777777
10 0.3328125 0.8111111111111111 0.06354166666666666 0.10740740740740741
0 0.69609375 0.6833333333333333 0.021354166666666667 0.1537037037037037
21 0.3611979166666667 0.7523148148148148 0.06510416666666667 0.10462962962962963
2 0.3953125 0.8115740740740741 0.0625 0.10648148148148148
4 0.4244791666666667 0.7532407407407408 0.06354166666666666 0.10462962962962963
15 0.4557291666666667 0.8097222222222222 0.059375 0.10648148148148148
11 0.48541666666666666 0.7555555555555555 0.06041666666666667 0.10555555555555556
18 0.5151041666666667 0.8069444444444445 0.06041666666666667 0.10462962962962963
2 0.5453125 0.7578703703703704 0.06041666666666667 0.10648148148148148
27 0.49973958333333335 0.750462962962963 0.5692708333333333 0.49722222222222223
