0 0.9174479166666667 0.5222222222222223 0.005729166666666666 0.14814814814814814
17 0.19921875 0.6356481481481482 0.022395833333333334 0.03796296296296296
0 0.85703125 0.4773148148148148 0.0078125 0.05648148148148148
22 0.20963541666666666 0.6171296296296296 0.021354166666666667 0.03796296296296296
11 0.22109375 0.6356481481481482 0.022395833333333334 0.03796296296296296
22 0.23098958333333333 0.6166666666666667 0.022395833333333334 0.03888888888888889
5 0.24270833333333333 0.6356481481481482 0.021875 0.03796296296296296
26 0.25234375 0.6166666666666667 0.022395833333333334 0.03888888888888889
4 0.2643229166666667 0.6361111111111111 0.022395833333333334 0.03888888888888889
11 0.27395833333333336 0.6171296296296296 0.021875 0.03796296296296296
27 0.49895833333333334 0.575925925925926 0.9375 0.37037037037037035
