0 0.5549479166666667 0.3541666666666667 0.019270833333333334 0.41944444444444445
3 0.3890625 0.774537037037037 0.06354166666666666 0.10648148148148148
0 0.584375 0.22916666666666666 0.023958333333333335 0.15462962962962962
18 0.41848958333333336 0.7162037037037037 0.06510416666666667 0.10462962962962963
19 0.4513020833333333 0.774537037037037 0.06302083333333333 0.10648148148148148
1 0.4817708333333333 0.7171296296296297 0.0625 0.10462962962962963
16 0.5122395833333333 0.7726851851851851 0.059895833333333336 0.10648148148148148
18 0.5424479166666667 0.7194444444444444 0.059895833333333336 0.10555555555555556
24 0.5723958333333333 0.7699074074074074 0.06145833333333333 0.10462962962962963
3 0.6015625 0.7208333333333333 0.06041666666666667 0.10648148148148148
27 0.49973958333333335 0.5087962962962963 0.5692708333333333 0.9805555555555555
