0 0.88515625 0.2671296296296296 0.005729166666666666 0.14722222222222223
19 0.7145833333333333 0.2162037037037037 0.021875 0.03796296296296296
0 0.8567708333333334 0.2199074074074074 0.00625 0.05648148148148148
19 0.7263020833333333 0.19953703703703704 0.022395833333333334 0.03796296296296296
7 0.7359375 0.21666666666666667 0.021875 0.03888888888888889
19 0.7479166666666667 0.19953703703703704 0.021875 0.03796296296296296
8 0.7575520833333333 0.21666666666666667 0.022395833333333334 0.03888888888888889
7 0.7692708333333333 0.1986111111111111 0.021875 0.03796296296296296
21 0.7796875 0.21712962962962962 0.022916666666666665 0.03796296296296296
13 0.7903645833333334 0.19814814814814816 0.021354166666666667 0.03888888888888889
27 0.49895833333333334 0.31527777777777777 0.9375 0.35462962962962963
