0 0.9046875 0.6578703703703703 0.005208333333333333 0.14722222222222223
15 0.18333333333333332 0.7597222222222222 0.021875 0.03796296296296296
0 0.9174479166666667 0.6152777777777778 0.0067708333333333336 0.05648148148148148
8 0.19270833333333334 0.7402777777777778 0.021875 0.03796296296296296
7 0.2046875 0.7597222222222222 0.021875 0.03796296296296296
5 0.21432291666666667 0.7402777777777778 0.022395833333333334 0.03796296296296296
3 0.22630208333333332 0.7597222222222222 0.022395833333333334 0.03796296296296296
20 0.2359375 0.7398148148148148 0.021875 0.03888888888888889
23 0.24791666666666667 0.7597222222222222 0.021875 0.03796296296296296
17 0.25755208333333335 0.7398148148148148 0.022395833333333334 0.03888888888888889
27 0.49895833333333334 0.7037037037037037 0.9375 0.3592592592592593
