9 0.38776041666666666 0.6814814814814815 0.021354166666666667 0.037037037037037035
7 0.3770833333333333 0.6990740740740741 0.021875 0.037037037037037035
16 0.36666666666666664 0.6810185185185185 0.021875 0.03611111111111111
5 0.35625 0.6990740740740741 0.020833333333333332 0.037037037037037035
24 0.3455729166666667 0.6810185185185185 0.021354166666666667 0.03611111111111111
6 0.33567708333333335 0.6990740740740741 0.021354166666666667 0.037037037037037035
22 0.32473958333333336 0.6805555555555556 0.021354166666666667 0.037037037037037035
12 0.31484375 0.6990740740740741 0.021354166666666667 0.037037037037037035
21 0.30364583333333334 0.6805555555555556 0.021875 0.037037037037037035
27 0.5005208333333333 0.6064814814814815 0.90625 0.34074074074074073
