0 0.9375 0.6268518518518519 0.00625 0.14814814814814814
7 0.5135416666666667 0.6314814814814815 0.021875 0.03888888888888889
10 0.41640625 0.6125 0.022395833333333334 0.03796296296296296
0 0.8854166666666666 0.5833333333333334 0.00625 0.05555555555555555
9 0.42734375 0.6319444444444444 0.022395833333333334 0.03796296296296296
24 0.43776041666666665 0.6129629629629629 0.022395833333333334 0.03888888888888889
18 0.44895833333333335 0.6319444444444444 0.021875 0.03796296296296296
4 0.459375 0.6125 0.021875 0.03796296296296296
8 0.4703125 0.6319444444444444 0.021875 0.03796296296296296
23 0.48098958333333336 0.6125 0.022395833333333334 0.03796296296296296
12 0.49192708333333335 0.6319444444444444 0.022395833333333334 0.03796296296296296
24 0.5026041666666666 0.6125 0.021875 0.03796296296296296
27 0.49895833333333334 0.6773148148148148 0.9375 0.3527777777777778
