22 0.6302083333333334 0.45555555555555555 0.021875 0.037037037037037035
23 0.6203125 0.4736111111111111 0.021875 0.03611111111111111
18 0.6096354166666667 0.45555555555555555 0.021354166666666667 0.037037037037037035
10 0.59921875 0.4736111111111111 0.021354166666666667 0.03611111111111111
15 0.5888020833333333 0.45555555555555555 0.021354166666666667 0.037037037037037035
19 0.5783854166666667 0.4736111111111111 0.021354166666666667 0.03611111111111111
8 0.56796875 0.45555555555555555 0.021354166666666667 0.037037037037037035
10 0.5575520833333333 0.4736111111111111 0.021354166666666667 0.03611111111111111
6 0.5471354166666667 0.45555555555555555 0.021354166666666667 0.037037037037037035
27 0.5005208333333333 0.5231481481481481 0.90625 0.34074074074074073
