0 0.9046875 0.6486111111111111 0.005208333333333333 0.14722222222222223
24 0.4890625 0.7199074074074074 0.021875 0.03796296296296296
0 0.9375 0.6055555555555555 0.00625 0.05555555555555555
18 0.49973958333333335 0.700462962962963 0.022395833333333334 0.03796296296296296
1 0.5106770833333333 0.7199074074074074 0.022395833333333334 0.03796296296296296
25 0.5213541666666667 0.700462962962963 0.021875 0.03796296296296296
8 0.5322916666666667 0.7199074074074074 0.021875 0.03796296296296296
11 0.54296875 0.700462962962963 0.022395833333333334 0.03796296296296296
21 0.5536458333333333 0.7194444444444444 0.021875 0.03888888888888889
27 0.49895833333333334 0.6949074074074074 0.9375 0.35648148148148145
