0 0.43984375 0.3296296296296296 0.019270833333333334 0.4185185185185185
26 0.63046875 0.5745370370370371 0.06197916666666667 0.10462962962962963
25 0.34869791666666666 0.5226851851851851 0.06510416666666667 0.10462962962962963
0 0.6739583333333333 0.18888888888888888 0.020833333333333332 0.1574074074074074
22 0.38385416666666666 0.575925925925926 0.06354166666666666 0.10740740740740741
10 0.41328125 0.5226851851851851 0.06510416666666667 0.10462962962962963
16 0.446875 0.575925925925926 0.06354166666666666 0.10740740740740741
8 0.4778645833333333 0.5226851851851851 0.06510416666666667 0.10462962962962963
8 0.5091145833333334 0.575925925925926 0.06197916666666667 0.10740740740740741
3 0.5401041666666667 0.5222222222222223 0.06145833333333333 0.10555555555555556
2 0.5697916666666667 0.575462962962963 0.06041666666666667 0.10648148148148148
9 0.5997395833333333 0.5226851851851851 0.058854166666666666 0.10648148148148148
27 0.49973958333333335 0.49953703703703706 0.5692708333333333 0.9990740740740741
