0 0.9171875 0.8398148148148148 0.00625 0.14814814814814814
9 0.86640625 0.9726851851851852 0.022395833333333334 0.03796296296296296
0 0.9377604166666667 0.7925925925925926 0.0067708333333333336 0.05555555555555555
23 0.8755208333333333 0.986574074074074 0.021875 0.025
23 0.8877604166666667 0.9726851851851852 0.022395833333333334 0.03796296296296296
21 0.896875 0.9861111111111112 0.021875 0.025925925925925925
15 0.909375 0.9726851851851852 0.021875 0.03796296296296296
12 0.9184895833333333 0.986574074074074 0.022395833333333334 0.025
19 0.9309895833333334 0.9722222222222222 0.022395833333333334 0.037037037037037035
27 0.49895833333333334 0.8333333333333334 0.9375 0.3314814814814815
