0 0.36171875 0.3819444444444444 0.0234375 0.3638888888888889
5 0.28958333333333336 0.7763888888888889 0.06354166666666666 0.10462962962962963
0 0.2721354166666667 0.23148148148148148 0.028645833333333332 0.13518518518518519
16 0.325 0.7296296296296296 0.06354166666666666 0.10740740740740741
1 0.3533854166666667 0.7754629629629629 0.06510416666666667 0.10462962962962963
15 0.3880208333333333 0.7296296296296296 0.06354166666666666 0.10740740740740741
26 0.41744791666666664 0.7754629629629629 0.06510416666666667 0.10462962962962963
13 0.45078125 0.7291666666666666 0.06302083333333333 0.10648148148148148
7 0.48125 0.7763888888888889 0.06354166666666666 0.10462962962962963
23 0.51171875 0.7282407407407407 0.059895833333333336 0.10648148148148148
13 0.5419270833333333 0.7787037037037037 0.059895833333333336 0.10555555555555556
27 0.49973958333333335 0.5087962962962963 0.5692708333333333 0.9805555555555555
