0 0.8768229166666667 0.725 0.005729166666666666 0.14814814814814814
9 0.2674479166666667 0.8245370370370371 0.022395833333333334 0.03796296296296296
0 0.92578125 0.7 0.005729166666666666 0.05555555555555555
2 0.27734375 0.8046296296296296 0.022395833333333334 0.03888888888888889
15 0.28932291666666665 0.8240740740740741 0.022395833333333334 0.03888888888888889
17 0.29921875 0.8041666666666667 0.022395833333333334 0.03796296296296296
9 0.3104166666666667 0.8245370370370371 0.021875 0.03796296296296296
7 0.32083333333333336 0.8050925925925926 0.022916666666666665 0.03796296296296296
7 0.33177083333333335 0.8240740740740741 0.021875 0.03888888888888889
27 0.49895833333333334 0.7601851851851852 0.9375 0.37222222222222223
