0 0.9375 0.8143518518518519 0.00625 0.14907407407407408
8 0.18411458333333333 0.9254629629629629 0.022395833333333334 0.03796296296296296
0 0.9046875 0.7680555555555556 0.005208333333333333 0.05648148148148148
6 0.19348958333333333 0.9421296296296297 0.022395833333333334 0.03796296296296296
26 0.20520833333333333 0.9254629629629629 0.021875 0.03796296296296296
20 0.21484375 0.9421296296296297 0.022395833333333334 0.03796296296296296
3 0.22708333333333333 0.9254629629629629 0.021875 0.03796296296296296
6 0.23671875 0.9421296296296297 0.022395833333333334 0.03796296296296296
20 0.2484375 0.9254629629629629 0.021875 0.03796296296296296
21 0.25807291666666665 0.9421296296296297 0.022395833333333334 0.03796296296296296
20 0.26979166666666665 0.925 0.021875 0.03888888888888889
27 0.49895833333333334 0.8236111111111111 0.9375 0.3509259259259259
