12 0.87734375 0.6819444444444445 0.021354166666666667 0.03611111111111111
9 0.8658854166666666 0.7 0.021354166666666667 0.037037037037037035
17 0.8565104166666667 0.6824074074074075 0.021354166666666667 0.037037037037037035
22 0.8450520833333334 0.7 0.021354166666666667 0.037037037037037035
8 0.8354166666666667 0.6819444444444445 0.021875 0.03611111111111111
7 0.82421875 0.7 0.021354166666666667 0.037037037037037035
25 0.8143229166666667 0.6819444444444445 0.021354166666666667 0.03611111111111111
16 0.8033854166666666 0.7 0.021354166666666667 0.037037037037037035
3 0.7934895833333333 0.6819444444444445 0.021354166666666667 0.03611111111111111
27 0.5005208333333333 0.6476851851851851 0.90625 0.3416666666666667
