25 0.5328125 0.32314814814814813 0.021875 0.037037037037037035
22 0.5223958333333333 0.3416666666666667 0.021875 0.037037037037037035
21 0.51171875 0.32314814814814813 0.021354166666666667 0.037037037037037035
2 0.5015625 0.3416666666666667 0.021875 0.037037037037037035
1 0.4908854166666667 0.32314814814814813 0.021354166666666667 0.037037037037037035
9 0.48046875 0.34120370370370373 0.021354166666666667 0.03611111111111111
14 0.4700520833333333 0.32314814814814813 0.021354166666666667 0.037037037037037035
7 0.4596354166666667 0.34120370370370373 0.021354166666666667 0.03611111111111111
10 0.44947916666666665 0.32314814814814813 0.021875 0.037037037037037035
27 0.5005208333333333 0.2726851851851852 0.90625 0.3490740740740741
