11 0.66171875 0.899074074074074 0.021354166666666667 0.037037037037037035
13 0.6510416666666666 0.9175925925925926 0.021875 0.037037037037037035
15 0.6408854166666667 0.8986111111111111 0.021354166666666667 0.03611111111111111
17 0.6299479166666667 0.9175925925925926 0.021354166666666667 0.037037037037037035
7 0.6200520833333333 0.8986111111111111 0.021354166666666667 0.03611111111111111
20 0.609375 0.9175925925925926 0.021875 0.037037037037037035
17 0.59921875 0.8986111111111111 0.021354166666666667 0.03611111111111111
6 0.58828125 0.9175925925925926 0.021354166666666667 0.037037037037037035
8 0.5783854166666667 0.8986111111111111 0.021354166666666667 0.03611111111111111
27 0.5005208333333333 0.8481481481481481 0.90625 0.30185185185185187
