0 0.8768229166666667 0.10833333333333334 0.005729166666666666 0.14814814814814814
17 0.06744791666666666 0.22083333333333333 0.021354166666666667 0.03796296296296296
0 0.9049479166666666 0.0625 0.005729166666666666 0.05648148148148148
3 0.0796875 0.2013888888888889 0.021875 0.03796296296296296
10 0.08880208333333334 0.2212962962962963 0.022395833333333334 0.037037037037037035
10 0.10130208333333333 0.2013888888888889 0.022395833333333334 0.03796296296296296
12 0.11041666666666666 0.22175925925925927 0.021875 0.03796296296296296
8 0.12265625 0.2013888888888889 0.022395833333333334 0.03796296296296296
1 0.13203125 0.22175925925925927 0.022395833333333334 0.03796296296296296
27 0.49895833333333334 0.1814814814814815 0.9375 0.362962962962963
