0 0.8565104166666667 0.16203703703703703 0.005729166666666666 0.14814814814814814
14 0.2559895833333333 0.24953703703703703 0.022395833333333334 0.03796296296296296
0 0.9375 0.11342592592592593 0.00625 0.05648148148148148
21 0.2677083333333333 0.2300925925925926 0.021875 0.03796296296296296
15 0.27760416666666665 0.2490740740740741 0.021875 0.03888888888888889
21 0.28932291666666665 0.22962962962962963 0.022395833333333334 0.03888888888888889
11 0.2994791666666667 0.24953703703703703 0.021875 0.03796296296296296
8 0.3109375 0.2300925925925926 0.021875 0.03796296296296296
20 0.32109375 0.24861111111111112 0.022395833333333334 0.03796296296296296
27 0.49895833333333334 0.21851851851851853 0.9375 0.37592592592592594
