24 0.68671875 0.7462962962962963 0.021354166666666667 0.037037037037037035
4 0.7809895833333333 0.7287037037037037 0.021354166666666667 0.037037037037037035
24 0.7697916666666667 0.7462962962962963 0.021875 0.037037037037037035
10 0.76015625 0.7287037037037037 0.021354166666666667 0.037037037037037035
12 0.74921875 0.7462962962962963 0.021354166666666667 0.037037037037037035
21 0.7393229166666667 0.7282407407407407 0.021354166666666667 0.03611111111111111
26 0.7283854166666667 0.7462962962962963 0.021354166666666667 0.037037037037037035
13 0.7182291666666667 0.7277777777777777 0.021875 0.037037037037037035
5 0.7075520833333333 0.7462962962962963 0.021354166666666667 0.037037037037037035
11 0.6973958333333333 0.7282407407407407 0.021875 0.03611111111111111
27 0.5005208333333333 0.7972222222222223 0.90625 0.3592592592592593
