0 0.4171875 0.45787037037037037 0.01875 0.4101851851851852
26 0.29921875 0.3726851851851852 0.06510416666666667 0.10462962962962963
0 0.44192708333333336 0.3347222222222222 0.025520833333333333 0.15648148148148147
24 0.33515625 0.42268518518518516 0.0640625 0.10648148148148148
12 0.36380208333333336 0.3726851851851852 0.06510416666666667 0.10462962962962963
8 0.396875 0.42314814814814816 0.06145833333333333 0.10740740740740741
21 0.4265625 0.3726851851851852 0.06145833333333333 0.10462962962962963
4 0.45651041666666664 0.4236111111111111 0.059895833333333336 0.10648148148148148
16 0.4864583333333333 0.3712962962962963 0.06041666666666667 0.10555555555555556
27 0.49973958333333335 0.5638888888888889 0.5692708333333333 0.8703703703703703
