0 0.865625 0.8726851851851852 0.00625 0.14722222222222223
18 0.45729166666666665 0.8736111111111111 0.021875 0.03796296296296296
24 0.36015625 0.8550925925925926 0.022395833333333334 0.03796296296296296
0 0.8856770833333333 0.8287037037037037 0.0067708333333333336 0.05555555555555555
13 0.37135416666666665 0.875 0.021875 0.03888888888888889
17 0.38177083333333334 0.8550925925925926 0.021875 0.03796296296296296
23 0.3924479166666667 0.874537037037037 0.022395833333333334 0.03796296296296296
13 0.40338541666666666 0.8564814814814815 0.022395833333333334 0.03888888888888889
7 0.4140625 0.8736111111111111 0.021875 0.03796296296296296
7 0.425 0.8569444444444444 0.021875 0.03796296296296296
8 0.4356770833333333 0.8736111111111111 0.022395833333333334 0.03796296296296296
15 0.4466145833333333 0.8564814814814815 0.022395833333333334 0.03888888888888889
27 0.49895833333333334 0.8490740740740741 0.9375 0.3
