19 0.253125 0.6962962962962963 0.021875 0.037037037037037035
9 0.346875 0.6782407407407407 0.021875 0.03611111111111111
2 0.33645833333333336 0.6962962962962963 0.020833333333333332 0.037037037037037035
20 0.32578125 0.6782407407407407 0.021354166666666667 0.03611111111111111
3 0.315625 0.6962962962962963 0.021875 0.037037037037037035
24 0.30494791666666665 0.6777777777777778 0.021354166666666667 0.037037037037037035
14 0.2950520833333333 0.6962962962962963 0.021354166666666667 0.037037037037037035
2 0.2838541666666667 0.6777777777777778 0.021875 0.037037037037037035
19 0.27421875 0.6962962962962963 0.021354166666666667 0.037037037037037035
11 0.2630208333333333 0.6777777777777778 0.021875 0.037037037037037035
27 0.5005208333333333 0.7125 0.90625 0.3472222222222222
