0 0.8953125 0.2851851851851852 0.007291666666666667 0.14814814814814814
9 0.27369791666666665 0.22870370370370371 0.022395833333333334 0.03888888888888889
0 0.9046875 0.2449074074074074 0.005208333333333333 0.05648148148148148
24 0.28541666666666665 0.24583333333333332 0.021875 0.03796296296296296
20 0.2953125 0.22870370370370371 0.021875 0.03888888888888889
18 0.3067708333333333 0.24583333333333332 0.021875 0.03796296296296296
15 0.31692708333333336 0.22824074074074074 0.022395833333333334 0.03796296296296296
12 0.32838541666666665 0.24583333333333332 0.022395833333333334 0.03796296296296296
4 0.3385416666666667 0.22824074074074074 0.021875 0.03796296296296296
22 0.35 0.24583333333333332 0.021875 0.03796296296296296
17 0.35989583333333336 0.22870370370370371 0.021875 0.03888888888888889
27 0.49895833333333334 0.3333333333333333 0.9375 0.3537037037037037
