7 0.34010416666666665 0.6148148148148148 0.021875 0.037037037037037035
17 0.43463541666666666 0.5972222222222222 0.021354166666666667 0.037037037037037035
26 0.4236979166666667 0.6148148148148148 0.021354166666666667 0.037037037037037035
20 0.41380208333333335 0.5972222222222222 0.021354166666666667 0.037037037037037035
1 0.40286458333333336 0.6148148148148148 0.021354166666666667 0.037037037037037035
10 0.39296875 0.5972222222222222 0.021354166666666667 0.037037037037037035
21 0.38203125 0.6148148148148148 0.021354166666666667 0.037037037037037035
7 0.37161458333333336 0.5972222222222222 0.021354166666666667 0.037037037037037035
8 0.3611979166666667 0.6148148148148148 0.021354166666666667 0.037037037037037035
13 0.35104166666666664 0.5972222222222222 0.021875 0.037037037037037035
27 0.5005208333333333 0.5185185185185185 0.90625 0.34074074074074073
