0 0.8768229166666667 0.22777777777777777 0.005729166666666666 0.14814814814814814
5 0.8440104166666667 0.3226851851851852 0.022395833333333334 0.03796296296296296
0 0.8854166666666666 0.18194444444444444 0.00625 0.05648148148148148
17 0.8536458333333333 0.3402777777777778 0.021875 0.03796296296296296
14 0.8658854166666666 0.3226851851851852 0.022395833333333334 0.03796296296296296
19 0.875 0.3402777777777778 0.021875 0.03796296296296296
21 0.8875 0.3226851851851852 0.021875 0.03796296296296296
11 0.8963541666666667 0.3402777777777778 0.021875 0.03796296296296296
8 0.9091145833333333 0.3226851851851852 0.022395833333333334 0.03796296296296296
13 0.9182291666666667 0.3402777777777778 0.021875 0.03796296296296296
16 0.9309895833333334 0.3226851851851852 0.022395833333333334 0.03796296296296296
27 0.49895833333333334 0.2777777777777778 0.9375 0.362962962962963
