0 0.8768229166666667 0.49074074074074076 0.005729166666666666 0.14814814814814814
23 0.15338541666666666 0.5199074074074074 0.022395833333333334 0.03796296296296296
0 0.8854166666666666 0.44722222222222224 0.00625 0.05555555555555555
2 0.16536458333333334 0.5013888888888889 0.022395833333333334 0.03796296296296296
14 0.175 0.5199074074074074 0.021875 0.03796296296296296
21 0.18697916666666667 0.5013888888888889 0.021875 0.03796296296296296
21 0.19661458333333334 0.5199074074074074 0.022395833333333334 0.03796296296296296
2 0.20833333333333334 0.5013888888888889 0.021875 0.03796296296296296
4 0.21848958333333332 0.5199074074074074 0.022395833333333334 0.03796296296296296
12 0.2296875 0.5013888888888889 0.021875 0.03796296296296296
27 0.49895833333333334 0.5402777777777777 0.9375 0.3527777777777778
