0 0.85625 0.5111111111111111 0.00625 0.14814814814814814
6 0.18072916666666666 0.5430555555555555 0.022916666666666665 0.03796296296296296
20 0.08385416666666666 0.525 0.021875 0.03888888888888889
0 0.86640625 0.462037037037037 0.005729166666666666 0.05555555555555555
17 0.09322916666666667 0.5430555555555555 0.021875 0.03796296296296296
7 0.10546875 0.524537037037037 0.022395833333333334 0.03796296296296296
8 0.11458333333333333 0.5430555555555555 0.021875 0.03796296296296296
5 0.12682291666666667 0.525 0.022395833333333334 0.03888888888888889
14 0.13619791666666667 0.5430555555555555 0.022395833333333334 0.03796296296296296
19 0.14817708333333332 0.524537037037037 0.021354166666666667 0.03796296296296296
7 0.15833333333333333 0.5430555555555555 0.022916666666666665 0.03796296296296296
12 0.16901041666666666 0.524537037037037 0.021354166666666667 0.03796296296296296
27 0.49895833333333334 0.5550925925925926 0.9375 0.3527777777777778
