0 0.8958333333333334 0.5796296296296296 0.00625 0.14814814814814814
19 0.56015625 0.7013888888888888 0.022395833333333334 0.03796296296296296
0 0.92578125 0.5601851851851852 0.005729166666666666 0.05555555555555555
9 0.5708333333333333 0.6837962962962963 0.021875 0.03796296296296296
11 0.5817708333333333 0.7018518518518518 0.021875 0.03888888888888889
9 0.5921875 0.6837962962962963 0.021875 0.03796296296296296
21 0.6033854166666667 0.7018518518518518 0.022395833333333334 0.03888888888888889
10 0.6135416666666667 0.6842592592592592 0.021875 0.03888888888888889
9 0.6247395833333333 0.7013888888888888 0.022395833333333334 0.03796296296296296
27 0.49895833333333334 0.6282407407407408 0.9375 0.3527777777777778
