0 0.88515625 0.35462962962962963 0.005729166666666666 0.14074074074074075
5 0.19192708333333333 0.4412037037037037 0.022395833333333334 0.03796296296296296
0 0.89609375 0.3055555555555556 0.005729166666666666 0.05185185185185185
13 0.20416666666666666 0.4597222222222222 0.021875 0.03796296296296296
21 0.21354166666666666 0.4412037037037037 0.021875 0.03796296296296296
14 0.22552083333333334 0.4597222222222222 0.021875 0.03796296296296296
19 0.23515625 0.4412037037037037 0.022395833333333334 0.03796296296296296
13 0.246875 0.4597222222222222 0.021875 0.03796296296296296
3 0.25677083333333334 0.4412037037037037 0.021875 0.03796296296296296
22 0.26875 0.4597222222222222 0.021875 0.03796296296296296
25 0.27838541666666666 0.4412037037037037 0.022395833333333334 0.03796296296296296
27 0.49895833333333334 0.39351851851851855 0.9375 0.3537037037037037
