13 0.40130208333333334 0.6509259259259259 0.021354166666666667 0.037037037037037035
13 0.49557291666666664 0.6333333333333333 0.021354166666666667 0.037037037037037035
2 0.48515625 0.6513888888888889 0.021354166666666667 0.03611111111111111
1 0.4747395833333333 0.6337962962962963 0.021354166666666667 0.03796296296296296
5 0.46432291666666664 0.6513888888888889 0.021354166666666667 0.03611111111111111
25 0.45390625 0.6337962962962963 0.021354166666666667 0.03611111111111111
16 0.4432291666666667 0.6513888888888889 0.021875 0.03611111111111111
13 0.4328125 0.6333333333333333 0.021875 0.037037037037037035
19 0.42239583333333336 0.6509259259259259 0.021875 0.037037037037037035
5 0.4119791666666667 0.6337962962962963 0.021875 0.03611111111111111
27 0.5005208333333333 0.6319444444444444 0.90625 0.3416666666666667
