15 0.7481770833333333 0.5916666666666667 0.021354166666666667 0.037037037037037035
3 0.8419270833333333 0.5740740740740741 0.021354166666666667 0.037037037037037035
23 0.8322916666666667 0.5916666666666667 0.021875 0.037037037037037035
22 0.8213541666666667 0.5740740740740741 0.020833333333333332 0.037037037037037035
12 0.8111979166666666 0.5912037037037037 0.021354166666666667 0.03611111111111111
18 0.80078125 0.5736111111111111 0.021354166666666667 0.03611111111111111
8 0.7901041666666667 0.5916666666666667 0.021875 0.037037037037037035
16 0.7799479166666666 0.5731481481481482 0.021354166666666667 0.037037037037037035
25 0.7690104166666667 0.5916666666666667 0.021354166666666667 0.037037037037037035
22 0.7591145833333334 0.5736111111111111 0.021354166666666667 0.03611111111111111
27 0.5005208333333333 0.5226851851851851 0.90625 0.3398148148148148
