0 0.8658854166666666 0.4046296296296296 0.005729166666666666 0.14814814814814814
19 0.8763020833333334 0.4449074074074074 0.022395833333333334 0.03796296296296296
14 0.78046875 0.4263888888888889 0.022395833333333334 0.03796296296296296
0 0.9046875 0.3574074074074074 0.005208333333333333 0.05555555555555555
15 0.790625 0.4449074074074074 0.021875 0.03796296296296296
16 0.80234375 0.4263888888888889 0.022395833333333334 0.03796296296296296
23 0.8122395833333333 0.4449074074074074 0.022395833333333334 0.03796296296296296
1 0.82421875 0.4263888888888889 0.022395833333333334 0.03796296296296296
12 0.8333333333333334 0.4449074074074074 0.021875 0.03796296296296296
3 0.8455729166666667 0.4263888888888889 0.022395833333333334 0.03796296296296296
6 0.8549479166666667 0.4444444444444444 0.022395833333333334 0.03888888888888889
18 0.8671875 0.4263888888888889 0.021875 0.03796296296296296
27 0.49895833333333334 0.45 0.9375 0.3537037037037037
