0 0.5822916666666667 0.5226851851851851 0.019791666666666666 0.4101851851851852
13 0.44088541666666664 0.6074074074074074 0.0640625 0.10740740740740741
0 0.36015625 0.38472222222222224 0.0203125 0.1527777777777778
8 0.47161458333333334 0.5532407407407407 0.06510416666666667 0.10462962962962963
15 0.5036458333333333 0.6074074074074074 0.06354166666666666 0.10740740740740741
18 0.5359375 0.5532407407407407 0.06458333333333334 0.10462962962962963
14 0.5658854166666667 0.6074074074074074 0.06197916666666667 0.10740740740740741
16 0.5979166666666667 0.5537037037037037 0.06041666666666667 0.10555555555555556
25 0.6268229166666667 0.6064814814814815 0.0609375 0.10555555555555556
18 0.6567708333333333 0.5541666666666667 0.058333333333333334 0.10648148148148148
27 0.49973958333333335 0.5930555555555556 0.5692708333333333 0.812037037037037
