17 0.1734375 0.425 0.021875 0.037037037037037035
7 0.16223958333333333 0.4425925925925926 0.021354166666666667 0.037037037037037035
5 0.15234375 0.42453703703703705 0.021354166666666667 0.03611111111111111
17 0.14140625 0.4425925925925926 0.021354166666666667 0.037037037037037035
13 0.13151041666666666 0.42453703703703705 0.021354166666666667 0.03611111111111111
1 0.12005208333333334 0.4425925925925926 0.021354166666666667 0.037037037037037035
3 0.11041666666666666 0.42453703703703705 0.021875 0.03611111111111111
15 0.09947916666666666 0.4425925925925926 0.020833333333333332 0.037037037037037035
15 0.0890625 0.425 0.021875 0.037037037037037035
27 0.5005208333333333 0.4013888888888889 0.90625 0.3416666666666667
