0 0.8768229166666667 0.8305555555555556 0.005729166666666666 0.14814814814814814
18 0.08411458333333334 0.8212962962962963 0.022395833333333334 0.03888888888888889
0 0.8854166666666666 0.7851851851851852 0.00625 0.05555555555555555
8 0.09322916666666667 0.8384259259259259 0.021875 0.03796296296296296
3 0.10572916666666667 0.8212962962962963 0.021875 0.03888888888888889
6 0.11484375 0.8384259259259259 0.022395833333333334 0.03796296296296296
20 0.12708333333333333 0.8208333333333333 0.021875 0.03796296296296296
4 0.13671875 0.8384259259259259 0.022395833333333334 0.03796296296296296
13 0.14817708333333332 0.8208333333333333 0.021354166666666667 0.03796296296296296
1 0.15885416666666666 0.8393518518518519 0.022916666666666665 0.03796296296296296
26 0.16927083333333334 0.8199074074074074 0.021875 0.03796296296296296
27 0.49895833333333334 0.8314814814814815 0.9375 0.3351851851851852
