0 0.5822916666666667 0.44212962962962965 0.019791666666666666 0.4101851851851852
5 0.39947916666666666 0.9013888888888889 0.059375 0.10648148148148148
0 0.26875 0.3138888888888889 0.021875 0.1574074074074074
18 0.42942708333333335 0.8490740740740741 0.0609375 0.10555555555555556
1 0.4588541666666667 0.8976851851851851 0.06145833333333333 0.10462962962962963
15 0.4901041666666667 0.8518518518518519 0.0625 0.10740740740740741
23 0.52109375 0.8958333333333334 0.06510416666666667 0.10462962962962963
12 0.5520833333333334 0.8523148148148149 0.06354166666666666 0.10648148148148148
1 0.5856770833333333 0.8958333333333334 0.06510416666666667 0.10462962962962963
27 0.49973958333333335 0.5560185185185185 0.5692708333333333 0.8861111111111111
