0 0.8658854166666666 0.47824074074074074 0.005729166666666666 0.14722222222222223
2 0.85078125 0.5851851851851851 0.021354166666666667 0.03888888888888889
0 0.9375 0.42916666666666664 0.00625 0.05648148148148148
7 0.8614583333333333 0.6041666666666666 0.022916666666666665 0.03796296296296296
10 0.8716145833333333 0.5856481481481481 0.021354166666666667 0.03796296296296296
19 0.88359375 0.6037037037037037 0.022395833333333334 0.037037037037037035
10 0.89296875 0.5856481481481481 0.022395833333333334 0.03796296296296296
6 0.9052083333333333 0.6037037037037037 0.021875 0.03888888888888889
14 0.9143229166666667 0.5856481481481481 0.022395833333333334 0.03796296296296296
26 0.9268229166666667 0.6037037037037037 0.022395833333333334 0.03888888888888889
27 0.49895833333333334 0.524537037037037 0.9375 0.3527777777777778
