0 0.8958333333333334 0.1787037037037037 0.00625 0.14814814814814814
13 0.41848958333333336 0.15 0.022395833333333334 0.03888888888888889
12 0.3216145833333333 0.1300925925925926 0.022395833333333334 0.03796296296296296
0 0.8567708333333334 0.13287037037037036 0.00625 0.05648148148148148
17 0.33229166666666665 0.14953703703703702 0.021875 0.03796296296296296
23 0.34348958333333335 0.1300925925925926 0.022395833333333334 0.03796296296296296
2 0.35390625 0.14953703703703702 0.022395833333333334 0.03796296296296296
21 0.3651041666666667 0.1300925925925926 0.021875 0.03796296296296296
14 0.37526041666666665 0.14953703703703702 0.022395833333333334 0.03796296296296296
14 0.38671875 0.1300925925925926 0.022395833333333334 0.03796296296296296
13 0.396875 0.14953703703703702 0.021875 0.03796296296296296
21 0.4080729166666667 0.1300925925925926 0.022395833333333334 0.03796296296296296
27 0.49895833333333334 0.23287037037037037 0.9375 0.3731481481481482
