0 0.8658854166666666 0.45925925925925926 0.005729166666666666 0.14814814814814814
21 0.6778645833333333 0.5356481481481481 0.022395833333333334 0.03796296296296296
0 0.9260416666666667 0.43657407407407406 0.005208333333333333 0.05648148148148148
19 0.6885416666666667 0.5541666666666667 0.021875 0.03796296296296296
1 0.6994791666666667 0.5356481481481481 0.021875 0.03796296296296296
9 0.709375 0.5541666666666667 0.021875 0.03796296296296296
25 0.7213541666666666 0.5351851851851852 0.021875 0.03888888888888889
26 0.7309895833333333 0.5537037037037037 0.022395833333333334 0.03888888888888889
23 0.74296875 0.5351851851851852 0.022395833333333334 0.03888888888888889
11 0.7526041666666666 0.5541666666666667 0.021875 0.03796296296296296
17 0.7645833333333333 0.5356481481481481 0.021875 0.03796296296296296
27 0.49895833333333334 0.5041666666666667 0.9375 0.3527777777777778
