3 0.63046875 0.6759259259259259 0.021354166666666667 0.037037037037037035
7 0.72421875 0.6583333333333333 0.021354166666666667 0.037037037037037035
8 0.7143229166666667 0.6754629629629629 0.021354166666666667 0.03611111111111111
25 0.7036458333333333 0.6583333333333333 0.021875 0.037037037037037035
3 0.6934895833333333 0.6759259259259259 0.021354166666666667 0.037037037037037035
26 0.6828125 0.6583333333333333 0.020833333333333332 0.037037037037037035
9 0.6723958333333333 0.6759259259259259 0.021875 0.037037037037037035
13 0.6622395833333333 0.6583333333333333 0.021354166666666667 0.037037037037037035
13 0.6513020833333333 0.6759259259259259 0.021354166666666667 0.037037037037037035
13 0.64140625 0.6578703703703703 0.021354166666666667 0.03611111111111111
27 0.5005208333333333 0.6337962962962963 0.90625 0.3416666666666667
