0 0.9174479166666667 0.8379629629629629 0.005729166666666666 0.14814814814814814
6 0.8252604166666667 0.8893518518518518 0.022395833333333334 0.03796296296296296
0 0.9377604166666667 0.7949074074074074 0.0067708333333333336 0.05648148148148148
18 0.8346354166666666 0.8726851851851852 0.022395833333333334 0.03796296296296296
25 0.8466145833333333 0.8898148148148148 0.022395833333333334 0.03888888888888889
18 0.8559895833333333 0.8726851851851852 0.022395833333333334 0.03796296296296296
26 0.8684895833333334 0.8898148148148148 0.022395833333333334 0.03888888888888889
8 0.8776041666666666 0.8726851851851852 0.021875 0.03796296296296296
23 0.88984375 0.8902777777777777 0.022395833333333334 0.03796296296296296
5 0.8989583333333333 0.8726851851851852 0.021875 0.03796296296296296
27 0.49895833333333334 0.8337962962962963 0.9375 0.33055555555555555
