0 0.6731770833333334 0.5671296296296297 0.019270833333333334 0.41944444444444445
7 0.43020833333333336 0.7180555555555556 0.06041666666666667 0.10648148148148148
0 0.6151041666666667 0.4287037037037037 0.021875 0.1574074074074074
1 0.46015625 0.7671296296296296 0.06197916666666667 0.10462962962962963
6 0.49140625 0.7194444444444444 0.06302083333333333 0.10740740740740741
14 0.5229166666666667 0.7662037037037037 0.065625 0.10462962962962963
13 0.55390625 0.7194444444444444 0.0640625 0.10740740740740741
2 0.5872395833333334 0.7662037037037037 0.06510416666666667 0.10462962962962963
16 0.6169270833333333 0.7199074074074074 0.0640625 0.10648148148148148
7 0.6515625 0.7662037037037037 0.06458333333333334 0.10462962962962963
24 0.6791666666666667 0.7189814814814814 0.0625 0.10648148148148148
27 0.49973958333333335 0.6180555555555556 0.5692708333333333 0.7620370370370371
