14 0.31484375 0.2712962962962963 0.021354166666666667 0.037037037037037035
10 0.4088541666666667 0.2537037037037037 0.021875 0.037037037037037035
11 0.39791666666666664 0.2722222222222222 0.021875 0.037037037037037035
21 0.38776041666666666 0.2537037037037037 0.021354166666666667 0.037037037037037035
26 0.3770833333333333 0.2722222222222222 0.021875 0.037037037037037035
21 0.36666666666666664 0.25462962962962965 0.021875 0.037037037037037035
25 0.35598958333333336 0.27175925925925926 0.021354166666666667 0.03611111111111111
18 0.3455729166666667 0.25462962962962965 0.021354166666666667 0.037037037037037035
26 0.33567708333333335 0.27175925925925926 0.021354166666666667 0.03611111111111111
5 0.32473958333333336 0.25462962962962965 0.021354166666666667 0.037037037037037035
27 0.5005208333333333 0.3333333333333333 0.90625 0.34074074074074073
