0 0.9044270833333333 0.4699074074074074 0.005729166666666666 0.14722222222222223
4 0.22526041666666666 0.6185185185185185 0.022395833333333334 0.03888888888888889
0 0.9260416666666667 0.45185185185185184 0.00625 0.05555555555555555
19 0.23489583333333333 0.5995370370370371 0.021875 0.03796296296296296
3 0.246875 0.6185185185185185 0.021875 0.03888888888888889
18 0.2565104166666667 0.5995370370370371 0.022395833333333334 0.03796296296296296
4 0.2682291666666667 0.6185185185185185 0.021875 0.03888888888888889
7 0.278125 0.5995370370370371 0.021875 0.03796296296296296
17 0.28958333333333336 0.6180555555555556 0.021875 0.03796296296296296
27 0.49895833333333334 0.5189814814814815 0.9375 0.3527777777777778
