0 0.92578125 0.5263888888888889 0.005729166666666666 0.14722222222222223
19 0.21927083333333333 0.5569444444444445 0.022916666666666665 0.03796296296296296
0 0.8567708333333334 0.4550925925925926 0.005208333333333333 0.05648148148148148
24 0.23020833333333332 0.575 0.021875 0.03888888888888889
26 0.24140625 0.5569444444444445 0.022395833333333334 0.03796296296296296
23 0.25104166666666666 0.575462962962963 0.021875 0.03796296296296296
26 0.26276041666666666 0.5569444444444445 0.022395833333333334 0.03796296296296296
3 0.27291666666666664 0.575462962962963 0.021875 0.03796296296296296
23 0.284375 0.5569444444444445 0.021875 0.03796296296296296
7 0.2942708333333333 0.575 0.021875 0.03888888888888889
5 0.3059895833333333 0.5569444444444445 0.022395833333333334 0.03796296296296296
27 0.49895833333333334 0.5467592592592593 0.9375 0.3527777777777778
