0 0.8565104166666667 0.20925925925925926 0.005729166666666666 0.14814814814814814
10 0.41510416666666666 0.34675925925925927 0.021875 0.03796296296296296
0 0.8963541666666667 0.1648148148148148 0.005208333333333333 0.05555555555555555
17 0.42604166666666665 0.32731481481481484 0.021875 0.03796296296296296
2 0.43671875 0.34675925925925927 0.022395833333333334 0.03796296296296296
5 0.4473958333333333 0.32731481481481484 0.021875 0.03796296296296296
14 0.45807291666666666 0.34675925925925927 0.022395833333333334 0.03796296296296296
17 0.46901041666666665 0.3277777777777778 0.022395833333333334 0.03888888888888889
5 0.47942708333333334 0.34675925925925927 0.022395833333333334 0.03796296296296296
9 0.490625 0.32731481481481484 0.021875 0.03796296296296296
27 0.49895833333333334 0.2611111111111111 0.9375 0.36666666666666664
