0 0.9375 0.6907407407407408 0.00625 0.14814814814814814
13 0.7028645833333333 0.8004629629629629 0.022395833333333334 0.03796296296296296
12 0.6057291666666667 0.7819444444444444 0.021875 0.03796296296296296
0 0.92578125 0.6675925925925926 0.005729166666666666 0.05555555555555555
24 0.6161458333333333 0.8013888888888889 0.021875 0.03796296296296296
3 0.6270833333333333 0.7828703703703703 0.021875 0.03796296296296296
25 0.6377604166666667 0.8013888888888889 0.022395833333333334 0.03796296296296296
26 0.6484375 0.7833333333333333 0.021875 0.03888888888888889
20 0.6596354166666667 0.8004629629629629 0.022395833333333334 0.03796296296296296
9 0.6697916666666667 0.7837962962962963 0.021875 0.03796296296296296
20 0.6809895833333334 0.8004629629629629 0.022395833333333334 0.03796296296296296
9 0.6911458333333333 0.7833333333333333 0.021875 0.03888888888888889
27 0.49895833333333334 0.7296296296296296 0.9375 0.3648148148148148
