0 0.6942708333333333 0.6972222222222222 0.017708333333333333 0.40925925925925927
24 0.3104166666666667 0.6587962962962963 0.06354166666666666 0.10462962962962963
0 0.26796875 0.5712962962962963 0.0203125 0.1574074074074074
11 0.34296875 0.6087962962962963 0.058854166666666666 0.10648148148148148
9 0.3723958333333333 0.6611111111111111 0.06145833333333333 0.10555555555555556
1 0.40130208333333334 0.6074074074074074 0.059895833333333336 0.10555555555555556
16 0.43307291666666664 0.6625 0.06197916666666667 0.10648148148148148
5 0.4630208333333333 0.6069444444444444 0.06458333333333334 0.10462962962962963
11 0.4953125 0.662962962962963 0.06354166666666666 0.10740740740740741
27 0.49973958333333335 0.687037037037037 0.5692708333333333 0.6240740740740741
