6 0.8401041666666667 0.38333333333333336 0.020833333333333332 0.037037037037037035
5 0.8291666666666667 0.4009259259259259 0.021875 0.037037037037037035
26 0.81953125 0.38333333333333336 0.021354166666666667 0.037037037037037035
23 0.8083333333333333 0.4009259259259259 0.021875 0.037037037037037035
6 0.7986979166666667 0.38333333333333336 0.021354166666666667 0.037037037037037035
17 0.7875 0.4009259259259259 0.021875 0.037037037037037035
26 0.7778645833333333 0.38333333333333336 0.021354166666666667 0.037037037037037035
4 0.76640625 0.4009259259259259 0.021354166666666667 0.037037037037037035
13 0.7567708333333333 0.38333333333333336 0.021875 0.037037037037037035
27 0.5005208333333333 0.4736111111111111 0.90625 0.3416666666666667
