10 0.21588541666666666 0.8791666666666667 0.021354166666666667 0.03611111111111111
16 0.20494791666666667 0.8962962962962963 0.021354166666666667 0.037037037037037035
11 0.19505208333333332 0.8796296296296297 0.021354166666666667 0.037037037037037035
22 0.18385416666666668 0.8958333333333334 0.021875 0.03611111111111111
7 0.17421875 0.8787037037037037 0.021354166666666667 0.037037037037037035
12 0.16302083333333334 0.8958333333333334 0.021875 0.03611111111111111
14 0.15338541666666666 0.8791666666666667 0.021354166666666667 0.03611111111111111
26 0.14192708333333334 0.8962962962962963 0.021354166666666667 0.037037037037037035
19 0.13255208333333332 0.8787037037037037 0.021354166666666667 0.037037037037037035
27 0.5005208333333333 0.8532407407407407 0.90625 0.2916666666666667
