0 0.8768229166666667 0.6981481481481482 0.005729166666666666 0.14814814814814814
22 0.46822916666666664 0.6912037037037037 0.021875 0.03796296296296296
0 0.8854166666666666 0.6467592592592593 0.00625 0.05648148148148148
10 0.4786458333333333 0.7087962962962963 0.021875 0.03796296296296296
17 0.4895833333333333 0.6907407407407408 0.021875 0.03888888888888889
2 0.5005208333333333 0.7087962962962963 0.021875 0.03796296296296296
19 0.5111979166666667 0.6907407407407408 0.022395833333333334 0.03888888888888889
9 0.5221354166666666 0.7087962962962963 0.022395833333333334 0.03796296296296296
20 0.5328125 0.6907407407407408 0.021875 0.03888888888888889
12 0.5434895833333333 0.7087962962962963 0.022395833333333334 0.03796296296296296
16 0.55390625 0.6907407407407408 0.022395833333333334 0.03888888888888889
27 0.49895833333333334 0.737037037037037 0.9375 0.36666666666666664
