0 0.8658854166666666 0.38055555555555554 0.005729166666666666 0.14814814814814814
4 0.6447916666666667 0.4310185185185185 0.021875 0.03796296296296296
0 0.8770833333333333 0.33055555555555555 0.00625 0.05555555555555555
17 0.6549479166666666 0.44907407407407407 0.022395833333333334 0.03888888888888889
5 0.66640625 0.4305555555555556 0.022395833333333334 0.03888888888888889
1 0.6768229166666667 0.44907407407407407 0.022395833333333334 0.03888888888888889
20 0.6877604166666667 0.4310185185185185 0.021354166666666667 0.03796296296296296
9 0.6981770833333333 0.44907407407407407 0.022395833333333334 0.03888888888888889
10 0.7088541666666667 0.4305555555555556 0.021875 0.03888888888888889
13 0.7203125 0.449537037037037 0.021875 0.03796296296296296
3 0.7302083333333333 0.4300925925925926 0.021875 0.03796296296296296
27 0.49895833333333334 0.425462962962963 0.9375 0.3527777777777778
