0 0.32578125 0.8467592592592592 0.021354166666666667 0.30462962962962964
14 0.3104166666666667 0.7953703703703704 0.06354166666666666 0.10555555555555556
0 0.5010416666666667 0.763425925925926 0.021875 0.15648148148148147
23 0.3424479166666667 0.8518518518518519 0.058854166666666666 0.10740740740740741
19 0.37213541666666666 0.7986111111111112 0.0609375 0.10648148148148148
26 0.40130208333333334 0.8481481481481481 0.059895833333333336 0.10555555555555556
17 0.43307291666666664 0.8009259259259259 0.06197916666666667 0.10740740740740741
11 0.4627604166666667 0.8467592592592592 0.06510416666666667 0.10462962962962963
13 0.49505208333333334 0.8018518518518518 0.0640625 0.10740740740740741
17 0.52734375 0.8467592592592592 0.06510416666666667 0.10462962962962963
27 0.49973958333333335 0.7550925925925925 0.5692708333333333 0.487962962962963
