0 0.4171875 0.15462962962962962 0.01875 0.30925925925925923
17 0.30078125 0.1550925925925926 0.06510416666666667 0.10462962962962963
0 0.3859375 0.02175925925925926 0.022916666666666665 0.04351851851851852
22 0.33697916666666666 0.09398148148148149 0.06354166666666666 0.10648148148148148
10 0.3651041666666667 0.1550925925925926 0.06458333333333334 0.10462962962962963
24 0.39817708333333335 0.09537037037037037 0.059895833333333336 0.10740740740740741
6 0.42734375 0.1527777777777778 0.0609375 0.10555555555555556
18 0.45703125 0.09907407407407408 0.059895833333333336 0.10555555555555556
1 0.48723958333333334 0.14953703703703702 0.059895833333333336 0.10648148148148148
18 0.51796875 0.10324074074074074 0.06302083333333333 0.10462962962962963
27 0.49973958333333335 0.38981481481481484 0.5692708333333333 0.7796296296296297
