16 0.38229166666666664 0.38055555555555554 0.021875 0.037037037037037035
17 0.371875 0.39814814814814814 0.021875 0.037037037037037035
11 0.3611979166666667 0.38055555555555554 0.021354166666666667 0.037037037037037035
14 0.35078125 0.39814814814814814 0.021354166666666667 0.037037037037037035
12 0.34036458333333336 0.38055555555555554 0.021354166666666667 0.037037037037037035
9 0.3299479166666667 0.3976851851851852 0.021354166666666667 0.03611111111111111
19 0.31927083333333334 0.38055555555555554 0.021875 0.037037037037037035
10 0.30911458333333336 0.39814814814814814 0.021354166666666667 0.037037037037037035
15 0.2984375 0.38055555555555554 0.021875 0.037037037037037035
27 0.5005208333333333 0.4828703703703704 0.90625 0.3416666666666667
