0 0.9046875 0.4824074074074074 0.005208333333333333 0.14814814814814814
7 0.4231770833333333 0.5569444444444445 0.022395833333333334 0.03796296296296296
0 0.8856770833333333 0.43703703703703706 0.005729166666666666 0.05555555555555555
15 0.43385416666666665 0.538425925925926 0.021875 0.03796296296296296
1 0.44479166666666664 0.5569444444444445 0.021875 0.03796296296296296
12 0.45546875 0.538425925925926 0.022395833333333334 0.03796296296296296
24 0.4661458333333333 0.5569444444444445 0.021875 0.03796296296296296
16 0.47708333333333336 0.538425925925926 0.021875 0.03796296296296296
1 0.48776041666666664 0.5569444444444445 0.022395833333333334 0.03796296296296296
27 0.49895833333333334 0.5310185185185186 0.9375 0.3527777777777778
