26 0.2869791666666667 0.6962962962962963 0.021875 0.037037037037037035
20 0.27682291666666664 0.7143518518518519 0.021354166666666667 0.03611111111111111
8 0.26588541666666665 0.6962962962962963 0.021354166666666667 0.037037037037037035
9 0.2559895833333333 0.7143518518518519 0.021354166666666667 0.03611111111111111
1 0.24479166666666666 0.6962962962962963 0.021875 0.037037037037037035
14 0.23515625 0.7143518518518519 0.021354166666666667 0.03611111111111111
25 0.22421875 0.6958333333333333 0.021354166666666667 0.03611111111111111
26 0.21432291666666667 0.7148148148148148 0.021354166666666667 0.037037037037037035
16 0.20286458333333332 0.6962962962962963 0.021354166666666667 0.037037037037037035
27 0.5005208333333333 0.7824074074074074 0.90625 0.3574074074074074
