20 0.4700520833333333 0.7046296296296296 0.021354166666666667 0.037037037037037035
13 0.5643229166666667 0.6865740740740741 0.021354166666666667 0.03611111111111111
22 0.55390625 0.7046296296296296 0.021354166666666667 0.037037037037037035
6 0.5434895833333333 0.6865740740740741 0.021354166666666667 0.03611111111111111
6 0.5325520833333334 0.7046296296296296 0.021354166666666667 0.037037037037037035
4 0.5223958333333333 0.6861111111111111 0.021875 0.037037037037037035
13 0.5119791666666667 0.7046296296296296 0.021875 0.037037037037037035
12 0.5013020833333334 0.6861111111111111 0.021354166666666667 0.037037037037037035
22 0.4908854166666667 0.7046296296296296 0.021354166666666667 0.037037037037037035
7 0.48046875 0.6861111111111111 0.021354166666666667 0.037037037037037035
27 0.5005208333333333 0.7921296296296296 0.90625 0.35833333333333334
