0 0.88515625 0.3263888888888889 0.005729166666666666 0.14722222222222223
25 0.10520833333333333 0.4078703703703704 0.021875 0.03796296296296296
0 0.86640625 0.2833333333333333 0.005729166666666666 0.05555555555555555
3 0.11432291666666666 0.3902777777777778 0.022395833333333334 0.03796296296296296
15 0.12682291666666667 0.4083333333333333 0.022395833333333334 0.03888888888888889
26 0.13619791666666667 0.3902777777777778 0.022395833333333334 0.03796296296296296
19 0.14791666666666667 0.4078703703703704 0.021875 0.03796296296296296
21 0.15833333333333333 0.38981481481481484 0.022916666666666665 0.037037037037037035
14 0.16901041666666666 0.4083333333333333 0.021354166666666667 0.03888888888888889
27 0.49895833333333334 0.37222222222222223 0.9375 0.3537037037037037
