0 0.8768229166666667 0.8861111111111111 0.005729166666666666 0.14814814814814814
23 0.6739583333333333 0.9898148148148148 0.021875 0.018518518518518517
0 0.9049479166666666 0.8402777777777778 0.005729166666666666 0.05648148148148148
20 0.6846354166666667 0.9981481481481481 0.0036458333333333334 0.001851851851851852
18 0.6955729166666667 0.9898148148148148 0.022395833333333334 0.018518518518518517
16 0.7059895833333333 0.9981481481481481 0.0036458333333333334 0.001851851851851852
13 0.7169270833333333 0.9898148148148148 0.022395833333333334 0.018518518518518517
19 0.7276041666666667 0.9981481481481481 0.003125 0.001851851851851852
5 0.7390625 0.9893518518518518 0.022916666666666665 0.019444444444444445
3 0.7494791666666667 0.9986111111111111 0.003125 0.000925925925925926
20 0.7609375 0.9888888888888889 0.021875 0.020370370370370372
27 0.49895833333333334 0.8527777777777777 0.9375 0.29259259259259257
