12 0.17317708333333334 0.5944444444444444 0.021354166666666667 0.037037037037037035
23 0.16171875 0.6111111111111112 0.021354166666666667 0.037037037037037035
6 0.15234375 0.5944444444444444 0.021354166666666667 0.037037037037037035
17 0.14088541666666668 0.611574074074074 0.021354166666666667 0.03611111111111111
18 0.13151041666666666 0.5935185185185186 0.021354166666666667 0.037037037037037035
11 0.12005208333333334 0.611574074074074 0.021354166666666667 0.03611111111111111
13 0.11041666666666666 0.5939814814814814 0.021875 0.03611111111111111
14 0.09947916666666666 0.611574074074074 0.020833333333333332 0.03611111111111111
24 0.0890625 0.5939814814814814 0.021875 0.03611111111111111
27 0.5005208333333333 0.5569444444444445 0.90625 0.3416666666666667
