0 0.9375 0.6564814814814814 0.00625 0.14814814814814814
15 0.6864583333333333 0.6050925925925926 0.021875 0.03796296296296296
11 0.5888020833333333 0.5875 0.022395833333333334 0.03796296296296296
0 0.87734375 0.611574074074074 0.0067708333333333336 0.05648148148148148
22 0.6 0.6060185185185185 0.021875 0.03796296296296296
15 0.6104166666666667 0.5875 0.021875 0.03796296296296296
20 0.6216145833333333 0.6055555555555555 0.022395833333333334 0.03888888888888889
10 0.6317708333333333 0.5875 0.021875 0.03796296296296296
17 0.6432291666666666 0.6060185185185185 0.021875 0.03796296296296296
11 0.6533854166666667 0.5875 0.022395833333333334 0.03796296296296296
15 0.6645833333333333 0.6050925925925926 0.021875 0.03796296296296296
19 0.675 0.5875 0.021875 0.03796296296296296
27 0.49895833333333334 0.7013888888888888 0.9375 0.35833333333333334
