23 0.36953125 0.5175925925925926 0.021354166666666667 0.037037037037037035
16 0.35859375 0.5351851851851852 0.021354166666666667 0.037037037037037035
20 0.34869791666666666 0.5175925925925926 0.021354166666666667 0.037037037037037035
2 0.3377604166666667 0.5351851851851852 0.021354166666666667 0.037037037037037035
16 0.32760416666666664 0.5175925925925926 0.021875 0.037037037037037035
4 0.31692708333333336 0.5356481481481481 0.021354166666666667 0.03796296296296296
7 0.3065104166666667 0.5175925925925926 0.021354166666666667 0.037037037037037035
25 0.29635416666666664 0.5351851851851852 0.020833333333333332 0.037037037037037035
23 0.28567708333333336 0.5175925925925926 0.021354166666666667 0.037037037037037035
27 0.5005208333333333 0.46435185185185185 0.90625 0.3416666666666667
