0 0.9046875 0.16018518518518518 0.005208333333333333 0.14814814814814814
12 0.5395833333333333 0.11898148148148148 0.021875 0.03796296296296296
0 0.9177083333333333 0.11712962962962963 0.00625 0.05648148148148148
19 0.5502604166666667 0.09861111111111111 0.022395833333333334 0.03796296296296296
24 0.5611979166666666 0.11898148148148148 0.022395833333333334 0.03796296296296296
20 0.571875 0.09861111111111111 0.021875 0.03796296296296296
20 0.5828125 0.11851851851851852 0.021875 0.03888888888888889
20 0.5934895833333333 0.09814814814814815 0.022395833333333334 0.03888888888888889
20 0.6044270833333333 0.11898148148148148 0.022395833333333334 0.03796296296296296
19 0.61484375 0.09861111111111111 0.022395833333333334 0.03796296296296296
27 0.49895833333333334 0.21805555555555556 0.9375 0.3768518518518518
