0 0.5549479166666667 0.5597222222222222 0.019270833333333334 0.41944444444444445
7 0.44140625 0.8902777777777777 0.0640625 0.10648148148148148
0 0.3859375 0.42916666666666664 0.020833333333333332 0.15648148148148147
6 0.47265625 0.8300925925925926 0.06510416666666667 0.10462962962962963
21 0.5044270833333333 0.8907407407407407 0.0640625 0.10740740740740741
20 0.5369791666666667 0.8300925925925926 0.06458333333333334 0.10462962962962963
22 0.5666666666666667 0.8898148148148148 0.06145833333333333 0.10740740740740741
7 0.5981770833333333 0.8324074074074074 0.059895833333333336 0.10555555555555556
5 0.62734375 0.8856481481481482 0.0609375 0.10648148148148148
14 0.6567708333333333 0.8347222222222223 0.058333333333333334 0.10648148148148148
27 0.49973958333333335 0.6106481481481482 0.5692708333333333 0.7768518518518519
