7 0.35182291666666665 0.5180555555555556 0.021354166666666667 0.03611111111111111
26 0.44557291666666665 0.5 0.021354166666666667 0.037037037037037035
1 0.4354166666666667 0.5180555555555556 0.021875 0.03611111111111111
10 0.42473958333333334 0.5 0.021354166666666667 0.037037037037037035
15 0.41432291666666665 0.5180555555555556 0.021354166666666667 0.03611111111111111
17 0.40390625 0.5 0.021354166666666667 0.037037037037037035
22 0.39348958333333334 0.5180555555555556 0.021354166666666667 0.03611111111111111
23 0.38307291666666665 0.5 0.021354166666666667 0.037037037037037035
2 0.37265625 0.5180555555555556 0.021354166666666667 0.03611111111111111
23 0.3619791666666667 0.5 0.021875 0.037037037037037035
27 0.5005208333333333 0.4930555555555556 0.90625 0.3416666666666667
