0 0.9375 0.8180555555555555 0.00625 0.14907407407407408
3 0.06692708333333333 0.8277777777777777 0.021354166666666667 0.03888888888888889
0 0.8661458333333333 0.7717592592592593 0.00625 0.05648148148148148
25 0.07760416666666667 0.8467592592592592 0.022916666666666665 0.03796296296296296
16 0.0875 0.8268518518518518 0.021875 0.03888888888888889
2 0.09973958333333334 0.8467592592592592 0.022395833333333334 0.03796296296296296
12 0.10911458333333333 0.8273148148148148 0.022395833333333334 0.03796296296296296
6 0.12135416666666667 0.8467592592592592 0.021875 0.03796296296296296
15 0.13046875 0.8273148148148148 0.022395833333333334 0.03796296296296296
4 0.14296875 0.8467592592592592 0.022395833333333334 0.03796296296296296
2 0.15208333333333332 0.8273148148148148 0.021875 0.03796296296296296
27 0.49895833333333334 0.825462962962963 0.9375 0.3472222222222222
