0 0.92578125 0.662962962962963 0.005729166666666666 0.14814814814814814
24 0.06614583333333333 0.6560185185185186 0.021875 0.03796296296296296
0 0.89609375 0.5907407407407408 0.0067708333333333336 0.05555555555555555
10 0.07526041666666666 0.6365740740740741 0.022395833333333334 0.03796296296296296
23 0.08723958333333333 0.6555555555555556 0.021354166666666667 0.03888888888888889
16 0.09739583333333333 0.6365740740740741 0.022916666666666665 0.03796296296296296
17 0.10807291666666667 0.6555555555555556 0.021354166666666667 0.03888888888888889
23 0.11953125 0.6375 0.022395833333333334 0.03796296296296296
16 0.12890625 0.6550925925925926 0.022395833333333334 0.03796296296296296
27 0.49895833333333334 0.6810185185185185 0.9375 0.35462962962962963
