0 0.8768229166666667 0.43796296296296294 0.005729166666666666 0.14814814814814814
24 0.50625 0.5402777777777777 0.021875 0.03796296296296296
0 0.85703125 0.3902777777777778 0.0078125 0.05648148148148148
24 0.5169270833333334 0.5217592592592593 0.022395833333333334 0.03796296296296296
18 0.5278645833333333 0.5402777777777777 0.022395833333333334 0.03796296296296296
15 0.5385416666666667 0.5212962962962963 0.021875 0.03888888888888889
11 0.5489583333333333 0.5398148148148149 0.021875 0.03888888888888889
7 0.56015625 0.5217592592592593 0.022395833333333334 0.03796296296296296
10 0.5708333333333333 0.5402777777777777 0.021875 0.03796296296296296
27 0.49895833333333334 0.4824074074074074 0.9375 0.3537037037037037
