0 0.8768229166666667 0.14537037037037037 0.005729166666666666 0.14814814814814814
7 0.46588541666666666 0.28703703703703703 0.022395833333333334 0.03888888888888889
0 0.9260416666666667 0.12685185185185185 0.00625 0.05555555555555555
24 0.47682291666666665 0.2689814814814815 0.022395833333333334 0.03796296296296296
3 0.4875 0.2865740740740741 0.021875 0.03796296296296296
8 0.4981770833333333 0.2689814814814815 0.022395833333333334 0.03796296296296296
17 0.5088541666666667 0.2865740740740741 0.021875 0.03796296296296296
13 0.5197916666666667 0.2689814814814815 0.021875 0.03796296296296296
26 0.5302083333333333 0.2865740740740741 0.021875 0.03796296296296296
27 0.49895833333333334 0.20462962962962963 0.9375 0.37962962962962965
