0 0.9174479166666667 0.28703703703703703 0.005729166666666666 0.14814814814814814
16 0.2955729166666667 0.27175925925925926 0.022395833333333334 0.03796296296296296
0 0.8661458333333333 0.24166666666666667 0.00625 0.05555555555555555
5 0.30703125 0.2523148148148148 0.022395833333333334 0.03796296296296296
2 0.3171875 0.27175925925925926 0.021875 0.03796296296296296
26 0.32864583333333336 0.2523148148148148 0.021875 0.03796296296296296
17 0.33880208333333334 0.27175925925925926 0.022395833333333334 0.03796296296296296
23 0.35 0.2523148148148148 0.021875 0.03796296296296296
10 0.36015625 0.27175925925925926 0.022395833333333334 0.03796296296296296
27 0.49895833333333334 0.3300925925925926 0.9375 0.3527777777777778
