5 0.21015625 0.6027777777777777 0.021354166666666667 0.037037037037037035
25 0.19921875 0.6208333333333333 0.021354166666666667 0.03611111111111111
7 0.1890625 0.6027777777777777 0.021875 0.037037037037037035
19 0.17838541666666666 0.6208333333333333 0.021354166666666667 0.03611111111111111
18 0.16770833333333332 0.6027777777777777 0.021875 0.037037037037037035
20 0.15807291666666667 0.6208333333333333 0.021354166666666667 0.03611111111111111
10 0.14661458333333333 0.6027777777777777 0.021354166666666667 0.037037037037037035
22 0.13723958333333333 0.6212962962962963 0.021354166666666667 0.037037037037037035
6 0.12578125 0.6027777777777777 0.021354166666666667 0.037037037037037035
27 0.5005208333333333 0.7134259259259259 0.90625 0.3472222222222222
