0 0.8768229166666667 0.6425925925925926 0.005729166666666666 0.14814814814814814
4 0.7263020833333333 0.6800925925925926 0.022395833333333334 0.03796296296296296
0 0.9046875 0.5939814814814814 0.005208333333333333 0.05648148148148148
3 0.7359375 0.6615740740740741 0.021875 0.03796296296296296
23 0.74765625 0.6800925925925926 0.022395833333333334 0.03796296296296296
7 0.7575520833333333 0.6615740740740741 0.022395833333333334 0.03796296296296296
5 0.7692708333333333 0.6800925925925926 0.021875 0.03796296296296296
9 0.7796875 0.6615740740740741 0.022916666666666665 0.03796296296296296
1 0.7901041666666667 0.6800925925925926 0.021875 0.03796296296296296
18 0.8018229166666667 0.6606481481481481 0.022395833333333334 0.03796296296296296
27 0.49895833333333334 0.6893518518518519 0.9375 0.35648148148148145
