25 0.7622395833333333 0.4046296296296296 0.021354166666666667 0.037037037037037035
15 0.7520833333333333 0.42268518518518516 0.021875 0.03611111111111111
20 0.74140625 0.4046296296296296 0.021354166666666667 0.037037037037037035
14 0.7307291666666667 0.4222222222222222 0.021875 0.037037037037037035
5 0.7205729166666667 0.4046296296296296 0.021354166666666667 0.037037037037037035
21 0.7096354166666666 0.4222222222222222 0.021354166666666667 0.037037037037037035
21 0.6997395833333333 0.4046296296296296 0.021354166666666667 0.037037037037037035
25 0.6888020833333334 0.4222222222222222 0.021354166666666667 0.037037037037037035
20 0.67890625 0.4046296296296296 0.021354166666666667 0.037037037037037035
27 0.5005208333333333 0.4273148148148148 0.90625 0.3416666666666667
