0 0.43984375 0.12916666666666668 0.019270833333333334 0.25833333333333336
12 0.30520833333333336 0.49027777777777776 0.065625 0.10462962962962963
0 0.69609375 0.001851851851851852 0.021354166666666667 0.003703703703703704
26 0.34010416666666665 0.5430555555555555 0.06145833333333333 0.10648148148148148
14 0.3684895833333333 0.49027777777777776 0.06197916666666667 0.10462962962962963
19 0.39947916666666666 0.5421296296296296 0.059375 0.10648148148148148
18 0.42942708333333335 0.49027777777777776 0.0609375 0.10648148148148148
10 0.4591145833333333 0.5416666666666666 0.0609375 0.10555555555555556
11 0.4903645833333333 0.4898148148148148 0.06197916666666667 0.10740740740740741
27 0.49973958333333335 0.36574074074074076 0.5692708333333333 0.7314814814814815
