0 0.9174479166666667 0.39166666666666666 0.005729166666666666 0.14814814814814814
16 0.75546875 0.5023148148148148 0.022395833333333334 0.03796296296296296
0 0.9260416666666667 0.37592592592592594 0.00625 0.05555555555555555
10 0.7674479166666667 0.5208333333333334 0.022395833333333334 0.03796296296296296
15 0.77734375 0.5018518518518519 0.022395833333333334 0.03888888888888889
8 0.7890625 0.5208333333333334 0.021875 0.03796296296296296
19 0.79921875 0.5023148148148148 0.022395833333333334 0.03796296296296296
16 0.81015625 0.5208333333333334 0.021354166666666667 0.03796296296296296
24 0.82109375 0.5023148148148148 0.022395833333333334 0.03796296296296296
2 0.83125 0.5208333333333334 0.021875 0.03981481481481482
24 0.84296875 0.5023148148148148 0.022395833333333334 0.03796296296296296
27 0.49895833333333334 0.44027777777777777 0.9375 0.3527777777777778
