0 0.92578125 0.5796296296296296 0.005729166666666666 0.14814814814814814
15 0.43385416666666665 0.5601851851851852 0.021875 0.03888888888888889
0 0.8856770833333333 0.5064814814814815 0.005729166666666666 0.05555555555555555
14 0.44479166666666664 0.5421296296296296 0.021875 0.03796296296296296
2 0.45546875 0.5606481481481481 0.022395833333333334 0.03796296296296296
6 0.4661458333333333 0.5421296296296296 0.021875 0.03796296296296296
26 0.47708333333333336 0.5606481481481481 0.021875 0.03796296296296296
19 0.48776041666666664 0.5421296296296296 0.022395833333333334 0.03796296296296296
17 0.4986979166666667 0.5601851851851852 0.022395833333333334 0.037037037037037035
13 0.509375 0.5421296296296296 0.021875 0.03796296296296296
27 0.49895833333333334 0.5981481481481481 0.9375 0.3537037037037037
