0 0.9255208333333333 0.7907407407407407 0.00625 0.14814814814814814
8 0.46041666666666664 0.8828703703703704 0.021875 0.03796296296296296
0 0.89609375 0.7162037037037037 0.0067708333333333336 0.05648148148148148
22 0.4713541666666667 0.8657407407407407 0.021875 0.03888888888888889
6 0.48203125 0.8828703703703704 0.022395833333333334 0.03796296296296296
14 0.49296875 0.8662037037037037 0.022395833333333334 0.03796296296296296
23 0.50390625 0.8833333333333333 0.022395833333333334 0.03888888888888889
20 0.5143229166666666 0.8657407407407407 0.022395833333333334 0.03888888888888889
4 0.5252604166666667 0.8837962962962963 0.022395833333333334 0.03796296296296296
26 0.5361979166666667 0.8652777777777778 0.022395833333333334 0.03796296296296296
27 0.49895833333333334 0.7976851851851852 0.9375 0.38055555555555554
