15 0.3966145833333333 0.2125 0.021354166666666667 0.03611111111111111
1 0.3859375 0.2300925925925926 0.021875 0.03611111111111111
23 0.37578125 0.21203703703703702 0.021354166666666667 0.037037037037037035
21 0.3651041666666667 0.23055555555555557 0.021875 0.037037037037037035
6 0.3546875 0.21203703703703702 0.021875 0.037037037037037035
18 0.34427083333333336 0.23055555555555557 0.021875 0.037037037037037035
11 0.3341145833333333 0.21203703703703702 0.021354166666666667 0.037037037037037035
23 0.32317708333333334 0.23055555555555557 0.021354166666666667 0.037037037037037035
11 0.31328125 0.21203703703703702 0.021354166666666667 0.037037037037037035
27 0.5005208333333333 0.2388888888888889 0.90625 0.3537037037037037
