24 0.14296875 0.4425925925925926 0.021354166666666667 0.037037037037037035
13 0.2375 0.425 0.020833333333333332 0.037037037037037035
3 0.2265625 0.44305555555555554 0.021875 0.03611111111111111
14 0.21692708333333333 0.425 0.021354166666666667 0.037037037037037035
3 0.20572916666666666 0.44351851851851853 0.021875 0.037037037037037035
2 0.19609375 0.425462962962963 0.021354166666666667 0.03611111111111111
4 0.18463541666666666 0.44305555555555554 0.021354166666666667 0.03611111111111111
22 0.17526041666666667 0.425 0.021354166666666667 0.037037037037037035
24 0.16380208333333332 0.44305555555555554 0.021354166666666667 0.03611111111111111
15 0.15442708333333333 0.425 0.021354166666666667 0.037037037037037035
27 0.5005208333333333 0.33935185185185185 0.90625 0.3416666666666667
