0 0.9046875 0.7458333333333333 0.005208333333333333 0.14722222222222223
10 0.8028645833333333 0.8606481481481482 0.022395833333333334 0.03796296296296296
22 0.7057291666666666 0.8421296296296297 0.021875 0.03796296296296296
0 0.9177083333333333 0.6981481481481482 0.00625 0.05555555555555555
2 0.715625 0.8625 0.021875 0.03796296296296296
10 0.72734375 0.8421296296296297 0.022395833333333334 0.03796296296296296
16 0.7372395833333333 0.861574074074074 0.022395833333333334 0.03796296296296296
26 0.7486979166666666 0.8425925925925926 0.021354166666666667 0.03888888888888889
20 0.759375 0.861574074074074 0.022916666666666665 0.03796296296296296
25 0.7697916666666667 0.8430555555555556 0.021875 0.03796296296296296
17 0.7809895833333333 0.8606481481481482 0.022395833333333334 0.03796296296296296
20 0.7908854166666667 0.8435185185185186 0.022395833333333334 0.03888888888888889
27 0.49895833333333334 0.7814814814814814 0.9375 0.37592592592592594
