5 0.7361979166666667 0.47453703703703703 0.021354166666666667 0.03611111111111111
26 0.725 0.49212962962962964 0.021875 0.03611111111111111
6 0.7151041666666667 0.47453703703703703 0.021875 0.03611111111111111
2 0.70390625 0.4925925925925926 0.021354166666666667 0.037037037037037035
10 0.6940104166666666 0.47453703703703703 0.021354166666666667 0.03611111111111111
5 0.6833333333333333 0.4925925925925926 0.021875 0.037037037037037035
2 0.6731770833333334 0.47453703703703703 0.021354166666666667 0.03611111111111111
3 0.6627604166666666 0.4925925925925926 0.021354166666666667 0.037037037037037035
1 0.6520833333333333 0.47453703703703703 0.021875 0.03611111111111111
27 0.5005208333333333 0.47638888888888886 0.90625 0.3416666666666667
