0 0.8658854166666666 0.825462962962963 0.005729166666666666 0.14722222222222223
21 0.353125 0.7726851851851851 0.021875 0.03796296296296296
0 0.89609375 0.7791666666666667 0.005729166666666666 0.05648148148148148
24 0.36432291666666666 0.7555555555555555 0.022395833333333334 0.03888888888888889
12 0.37473958333333335 0.7726851851851851 0.022395833333333334 0.03796296296296296
11 0.3859375 0.7555555555555555 0.021875 0.03888888888888889
6 0.39609375 0.7726851851851851 0.022395833333333334 0.03796296296296296
6 0.40729166666666666 0.7555555555555555 0.021875 0.03888888888888889
20 0.41770833333333335 0.7726851851851851 0.021875 0.03796296296296296
11 0.42890625 0.7550925925925925 0.022395833333333334 0.03796296296296296
27 0.49895833333333334 0.8282407407407407 0.9375 0.3416666666666667
