24 0.84765625 0.7824074074074074 0.021354166666666667 0.037037037037037035
17 0.83828125 0.799537037037037 0.021354166666666667 0.03611111111111111
10 0.8268229166666666 0.7828703703703703 0.021354166666666667 0.03611111111111111
12 0.8169270833333333 0.799537037037037 0.021354166666666667 0.03611111111111111
20 0.8059895833333334 0.7824074074074074 0.021354166666666667 0.037037037037037035
12 0.79609375 0.799537037037037 0.021354166666666667 0.03611111111111111
8 0.78515625 0.7824074074074074 0.021354166666666667 0.037037037037037035
3 0.7752604166666667 0.799074074074074 0.021354166666666667 0.037037037037037035
18 0.7640625 0.7828703703703703 0.020833333333333332 0.03611111111111111
27 0.5005208333333333 0.7097222222222223 0.90625 0.3472222222222222
