0 0.8565104166666667 0.7583333333333333 0.005729166666666666 0.14814814814814814
9 0.23255208333333333 0.8115740740740741 0.022395833333333334 0.03796296296296296
0 0.9177083333333333 0.7143518518518519 0.00625 0.05648148148148148
21 0.24427083333333333 0.7939814814814815 0.021875 0.03796296296296296
7 0.25416666666666665 0.8111111111111111 0.021875 0.03888888888888889
23 0.26588541666666665 0.7939814814814815 0.022395833333333334 0.03796296296296296
13 0.27578125 0.8106481481481481 0.022395833333333334 0.03796296296296296
2 0.2872395833333333 0.7939814814814815 0.022395833333333334 0.03796296296296296
17 0.29739583333333336 0.8115740740740741 0.021875 0.03796296296296296
27 0.49895833333333334 0.7925925925925926 0.9375 0.37962962962962965
