0 0.88515625 0.47685185185185186 0.005729166666666666 0.14814814814814814
19 0.8252604166666667 0.524537037037037 0.022395833333333334 0.03796296296296296
0 0.9377604166666667 0.42777777777777776 0.0067708333333333336 0.05555555555555555
24 0.834375 0.5435185185185185 0.021875 0.03888888888888889
20 0.846875 0.524537037037037 0.021875 0.03796296296296296
10 0.8559895833333333 0.5430555555555555 0.022395833333333334 0.03796296296296296
20 0.8684895833333334 0.525 0.022395833333333334 0.03888888888888889
24 0.8776041666666666 0.5430555555555555 0.021875 0.03796296296296296
17 0.88984375 0.524537037037037 0.022395833333333334 0.03796296296296296
13 0.8989583333333333 0.5439814814814815 0.021875 0.03796296296296296
4 0.9114583333333334 0.524537037037037 0.021875 0.03796296296296296
27 0.49895833333333334 0.5208333333333334 0.9375 0.3527777777777778
