0 0.359375 0.15648148148148147 0.01875 0.31296296296296294
23 0.3182291666666667 0.028703703703703703 0.06145833333333333 0.05740740740740741
0 0.47265625 0.028703703703703703 0.0234375 0.05740740740740741
24 0.35234375 0.006944444444444444 0.0171875 0.013888888888888888
12 0.3802083333333333 0.027777777777777776 0.06354166666666666 0.05555555555555555
7 0.41354166666666664 0.007407407407407408 0.020833333333333332 0.014814814814814815
9 0.4434895833333333 0.027777777777777776 0.0640625 0.05555555555555555
2 0.47317708333333336 0.006944444444444444 0.0203125 0.013888888888888888
1 0.50625 0.027777777777777776 0.06354166666666666 0.05555555555555555
25 0.53359375 0.006944444444444444 0.016145833333333335 0.013888888888888888
12 0.56796875 0.028703703703703703 0.0609375 0.05740740740740741
27 0.49973958333333335 0.38935185185185184 0.5692708333333333 0.7787037037037037
