0 0.8565104166666667 0.30462962962962964 0.005729166666666666 0.14814814814814814
15 0.5744791666666667 0.3333333333333333 0.021875 0.03888888888888889
22 0.47760416666666666 0.31527777777777777 0.021875 0.03796296296296296
0 0.8856770833333333 0.262037037037037 0.005729166666666666 0.05555555555555555
6 0.48828125 0.3333333333333333 0.022395833333333334 0.03888888888888889
2 0.49921875 0.31527777777777777 0.022395833333333334 0.03796296296296296
7 0.51015625 0.3333333333333333 0.022395833333333334 0.03888888888888889
18 0.5208333333333334 0.31527777777777777 0.021875 0.03796296296296296
5 0.5315104166666667 0.3333333333333333 0.022395833333333334 0.03888888888888889
17 0.5424479166666667 0.31527777777777777 0.022395833333333334 0.03796296296296296
14 0.553125 0.3333333333333333 0.021875 0.03888888888888889
25 0.5640625 0.31527777777777777 0.021875 0.03796296296296296
27 0.49895833333333334 0.3527777777777778 0.9375 0.3537037037037037
