26 0.2604166666666667 0.8550925925925926 0.021875 0.03611111111111111
6 0.25078125 0.8740740740740741 0.021354166666666667 0.037037037037037035
15 0.23932291666666666 0.8550925925925926 0.021354166666666667 0.03611111111111111
8 0.2296875 0.8740740740740741 0.021875 0.037037037037037035
3 0.21875 0.8555555555555555 0.020833333333333332 0.037037037037037035
4 0.20859375 0.8736111111111111 0.022395833333333334 0.03611111111111111
22 0.19817708333333334 0.8555555555555555 0.021354166666666667 0.037037037037037035
21 0.18723958333333332 0.8731481481481481 0.021354166666666667 0.037037037037037035
2 0.17734375 0.8560185185185185 0.021354166666666667 0.03611111111111111
27 0.5005208333333333 0.8532407407407407 0.90625 0.2916666666666667
