0 0.88515625 0.8180555555555555 0.005729166666666666 0.14722222222222223
25 0.5296875 0.825462962962963 0.021875 0.03796296296296296
0 0.9260416666666667 0.7986111111111112 0.00625 0.05648148148148148
19 0.540625 0.8060185185185185 0.021875 0.03796296296296296
18 0.5510416666666667 0.825462962962963 0.021875 0.03796296296296296
3 0.5622395833333333 0.8060185185185185 0.022395833333333334 0.03796296296296296
10 0.5729166666666666 0.825462962962963 0.021875 0.03796296296296296
6 0.5838541666666667 0.8060185185185185 0.021875 0.03796296296296296
20 0.5942708333333333 0.825462962962963 0.021875 0.03796296296296296
15 0.6052083333333333 0.8060185185185185 0.021875 0.03796296296296296
27 0.49895833333333334 0.825925925925926 0.9375 0.34629629629629627
