0 0.5828125 0.8773148148148148 0.01875 0.24351851851851852
13 0.290625 0.8782407407407408 0.06458333333333334 0.10462962962962963
0 0.26848958333333334 0.8287037037037037 0.021354166666666667 0.1574074074074074
24 0.3265625 0.8342592592592593 0.06354166666666666 0.10740740740740741
23 0.35494791666666664 0.8782407407407408 0.06510416666666667 0.10462962962962963
5 0.38958333333333334 0.8347222222222223 0.06354166666666666 0.10648148148148148
13 0.41953125 0.8787037037037037 0.06510416666666667 0.1037037037037037
4 0.45208333333333334 0.8351851851851851 0.0625 0.10740740740740741
18 0.4825520833333333 0.8805555555555555 0.06197916666666667 0.10555555555555556
13 0.5125 0.8324074074074074 0.06041666666666667 0.10555555555555556
27 0.49973958333333335 0.7597222222222222 0.5692708333333333 0.4787037037037037
