0 0.9036458333333334 0.6583333333333333 0.007291666666666667 0.14814814814814814
4 0.5854166666666667 0.6981481481481482 0.021875 0.03888888888888889
0 0.8567708333333334 0.6101851851851852 0.00625 0.05555555555555555
22 0.59609375 0.6800925925925926 0.022395833333333334 0.03796296296296296
7 0.6067708333333334 0.6990740740740741 0.021875 0.03888888888888889
11 0.6174479166666667 0.6800925925925926 0.022395833333333334 0.03796296296296296
12 0.628125 0.6990740740740741 0.021875 0.03888888888888889
16 0.6393229166666666 0.6791666666666667 0.022395833333333334 0.03796296296296296
23 0.6494791666666667 0.6986111111111111 0.021875 0.03796296296296296
27 0.49895833333333334 0.7013888888888888 0.9375 0.35833333333333334
