0 0.9044270833333333 0.28425925925925927 0.005729166666666666 0.14814814814814814
19 0.44869791666666664 0.2439814814814815 0.022395833333333334 0.03796296296296296
0 0.8854166666666666 0.23472222222222222 0.00625 0.05648148148148148
13 0.4591145833333333 0.2263888888888889 0.022395833333333334 0.03796296296296296
8 0.4700520833333333 0.2439814814814815 0.022395833333333334 0.03796296296296296
20 0.48072916666666665 0.2263888888888889 0.021875 0.03796296296296296
23 0.49166666666666664 0.2439814814814815 0.021875 0.03796296296296296
26 0.50234375 0.2263888888888889 0.022395833333333334 0.03796296296296296
12 0.5130208333333334 0.2439814814814815 0.021875 0.03796296296296296
20 0.5239583333333333 0.2263888888888889 0.021875 0.03796296296296296
27 0.49895833333333334 0.32592592592592595 0.9375 0.3537037037037037
