0 0.88515625 0.7597222222222222 0.005729166666666666 0.14722222222222223
1 0.26484375 0.8319444444444445 0.022395833333333334 0.03796296296296296
21 0.16796875 0.8134259259259259 0.021354166666666667 0.03796296296296296
0 0.85703125 0.7129629629629629 0.005729166666666666 0.05555555555555555
14 0.17786458333333333 0.8310185185185185 0.022395833333333334 0.03796296296296296
20 0.1890625 0.8125 0.021875 0.03796296296296296
23 0.2 0.8319444444444445 0.022916666666666665 0.03796296296296296
10 0.20989583333333334 0.8115740740740741 0.021875 0.03796296296296296
23 0.22161458333333334 0.8319444444444445 0.022395833333333334 0.03796296296296296
4 0.23151041666666666 0.8115740740740741 0.022395833333333334 0.03796296296296296
10 0.24348958333333334 0.8319444444444445 0.022395833333333334 0.03796296296296296
11 0.25338541666666664 0.8115740740740741 0.022395833333333334 0.03796296296296296
27 0.49895833333333334 0.7953703703703704 0.9375 0.37962962962962965
