0 0.8565104166666667 0.6101851851851852 0.005729166666666666 0.14814814814814814
3 0.29791666666666666 0.6976851851851852 0.021875 0.03796296296296296
6 0.20208333333333334 0.6796296296296296 0.021875 0.03888888888888889
0 0.9174479166666667 0.562962962962963 0.005729166666666666 0.05555555555555555
4 0.21171875 0.6972222222222222 0.022395833333333334 0.03888888888888889
12 0.2234375 0.6791666666666667 0.021875 0.03796296296296296
8 0.23307291666666666 0.6972222222222222 0.022395833333333334 0.03888888888888889
2 0.24505208333333334 0.6791666666666667 0.022395833333333334 0.03796296296296296
18 0.2546875 0.6972222222222222 0.021875 0.03888888888888889
19 0.26666666666666666 0.6796296296296296 0.021875 0.03888888888888889
7 0.27630208333333334 0.6976851851851852 0.022395833333333334 0.03796296296296296
18 0.28802083333333334 0.6796296296296296 0.021875 0.03888888888888889
27 0.49895833333333334 0.6587962962962963 0.9375 0.3527777777777778
