0 0.92578125 0.6467592592592593 0.005729166666666666 0.14722222222222223
7 0.27760416666666665 0.749537037037037 0.021875 0.041666666666666664
18 0.17786458333333333 0.7351851851851852 0.022395833333333334 0.037037037037037035
0 0.85703125 0.5740740740740741 0.005729166666666666 0.05555555555555555
3 0.18880208333333334 0.7541666666666667 0.021354166666666667 0.03796296296296296
20 0.19973958333333333 0.7356481481481482 0.022395833333333334 0.03796296296296296
21 0.20989583333333334 0.7537037037037037 0.021875 0.03888888888888889
3 0.221875 0.7356481481481482 0.022916666666666665 0.03796296296296296
10 0.23203125 0.7532407407407408 0.0234375 0.03796296296296296
20 0.2453125 0.7342592592592593 0.025 0.03888888888888889
3 0.2552083333333333 0.7509259259259259 0.023958333333333335 0.040740740740740744
19 0.26927083333333335 0.7314814814814815 0.023958333333333335 0.040740740740740744
27 0.49895833333333334 0.6675925925925926 0.9375 0.35185185185185186
