0 0.8565104166666667 0.5111111111111111 0.005729166666666666 0.14814814814814814
26 0.18958333333333333 0.662962962962963 0.021875 0.03888888888888889
23 0.09244791666666667 0.6439814814814815 0.022395833333333334 0.03796296296296296
0 0.86640625 0.4652777777777778 0.0067708333333333336 0.05648148148148148
8 0.10494791666666667 0.663425925925926 0.022395833333333334 0.03796296296296296
25 0.1140625 0.6439814814814815 0.021875 0.03796296296296296
10 0.12630208333333334 0.663425925925926 0.022395833333333334 0.03796296296296296
11 0.13567708333333334 0.6439814814814815 0.022395833333333334 0.03796296296296296
20 0.14765625 0.663425925925926 0.021354166666666667 0.03796296296296296
14 0.15729166666666666 0.6439814814814815 0.022916666666666665 0.03796296296296296
9 0.16875 0.663425925925926 0.021875 0.03796296296296296
18 0.1796875 0.6449074074074074 0.022916666666666665 0.03796296296296296
27 0.49895833333333334 0.5597222222222222 0.9375 0.3527777777777778
