11 0.22005208333333334 0.31666666666666665 0.021354166666666667 0.037037037037037035
25 0.20989583333333334 0.33425925925925926 0.021875 0.037037037037037035
16 0.19921875 0.31666666666666665 0.021354166666666667 0.037037037037037035
26 0.18880208333333334 0.33425925925925926 0.022395833333333334 0.037037037037037035
20 0.17864583333333334 0.31666666666666665 0.020833333333333332 0.037037037037037035
9 0.16770833333333332 0.3347222222222222 0.021875 0.03611111111111111
13 0.1578125 0.31666666666666665 0.020833333333333332 0.037037037037037035
6 0.14661458333333333 0.3347222222222222 0.021354166666666667 0.03611111111111111
8 0.13723958333333333 0.31666666666666665 0.021354166666666667 0.037037037037037035
27 0.5005208333333333 0.3194444444444444 0.90625 0.3425925925925926
