0 0.8765625 0.10231481481481482 0.00625 0.14907407407407408
6 0.8130208333333333 0.08842592592592592 0.021875 0.03796296296296296
0 0.8565104166666667 0.05694444444444444 0.005729166666666666 0.05648148148148148
12 0.8252604166666667 0.07175925925925926 0.022395833333333334 0.03796296296296296
9 0.8346354166666666 0.08842592592592592 0.022395833333333334 0.03796296296296296
14 0.846875 0.07175925925925926 0.021875 0.03796296296296296
26 0.8559895833333333 0.08842592592592592 0.022395833333333334 0.03796296296296296
11 0.8682291666666667 0.07175925925925926 0.021875 0.03796296296296296
10 0.8776041666666666 0.08842592592592592 0.021875 0.03796296296296296
3 0.88984375 0.07175925925925926 0.022395833333333334 0.03796296296296296
27 0.49895833333333334 0.17916666666666667 0.9375 0.35833333333333334
