8 0.29583333333333334 0.21296296296296297 0.021875 0.037037037037037035
24 0.28489583333333335 0.2310185185185185 0.021875 0.03611111111111111
17 0.2747395833333333 0.2125 0.021354166666666667 0.03611111111111111
15 0.2638020833333333 0.23055555555555557 0.021354166666666667 0.037037037037037035
22 0.25390625 0.2125 0.021354166666666667 0.03611111111111111
10 0.24296875 0.23148148148148148 0.021354166666666667 0.037037037037037035
22 0.23307291666666666 0.2125 0.021354166666666667 0.03611111111111111
1 0.22213541666666667 0.2310185185185185 0.021354166666666667 0.03611111111111111
3 0.21223958333333334 0.2125 0.021354166666666667 0.03611111111111111
27 0.5005208333333333 0.1736111111111111 0.90625 0.3472222222222222
