0 0.8658854166666666 0.8384259259259259 0.005729166666666666 0.14722222222222223
19 0.26015625 0.9365740740740741 0.022395833333333334 0.03796296296296296
0 0.9046875 0.7912037037037037 0.00625 0.05462962962962963
17 0.2708333333333333 0.9175925925925926 0.021875 0.03888888888888889
19 0.28203125 0.9375 0.022395833333333334 0.03796296296296296
3 0.2921875 0.9171296296296296 0.021875 0.03796296296296296
5 0.30416666666666664 0.9375 0.021875 0.03796296296296296
1 0.3140625 0.9171296296296296 0.021875 0.03796296296296296
22 0.3255208333333333 0.9375 0.021875 0.03796296296296296
27 0.49895833333333334 0.8342592592592593 0.9375 0.3296296296296296
