0 0.88515625 0.8481481481481481 0.005729166666666666 0.14814814814814814
8 0.6421875 0.8837962962962963 0.021875 0.03796296296296296
0 0.86640625 0.799537037037037 0.0067708333333333336 0.05648148148148148
14 0.6520833333333333 0.8666666666666667 0.021875 0.03888888888888889
20 0.6635416666666667 0.8837962962962963 0.021875 0.03796296296296296
20 0.6736979166666667 0.8666666666666667 0.022395833333333334 0.03888888888888889
4 0.68515625 0.8837962962962963 0.022395833333333334 0.03796296296296296
12 0.6953125 0.8662037037037037 0.021875 0.03796296296296296
22 0.70703125 0.8833333333333333 0.022395833333333334 0.03888888888888889
8 0.7169270833333333 0.8662037037037037 0.022395833333333334 0.03796296296296296
27 0.49895833333333334 0.8375 0.9375 0.32314814814814813
