0 0.9046875 0.6884259259259259 0.005208333333333333 0.14722222222222223
24 0.34765625 0.8245370370370371 0.022395833333333334 0.03796296296296296
0 0.89609375 0.6449074074074074 0.0067708333333333336 0.05648148148148148
9 0.3578125 0.8421296296296297 0.021875 0.03796296296296296
23 0.3692708333333333 0.8245370370370371 0.021875 0.03796296296296296
2 0.37942708333333336 0.8421296296296297 0.022395833333333334 0.03796296296296296
5 0.390625 0.8245370370370371 0.021875 0.03796296296296296
11 0.40078125 0.8421296296296297 0.022395833333333334 0.03796296296296296
6 0.4119791666666667 0.8245370370370371 0.021875 0.03796296296296296
3 0.42265625 0.8421296296296297 0.022395833333333334 0.03796296296296296
16 0.43333333333333335 0.8240740740740741 0.021875 0.03888888888888889
27 0.49895833333333334 0.7319444444444444 0.9375 0.36574074074074076
