0 0.6731770833333334 0.5013888888888889 0.019270833333333334 0.41944444444444445
19 0.45208333333333334 0.5305555555555556 0.0625 0.10740740740740741
0 0.52734375 0.3699074074074074 0.0203125 0.1527777777777778
3 0.4825520833333333 0.47824074074074074 0.06197916666666667 0.10462962962962963
25 0.5127604166666667 0.5300925925925926 0.059895833333333336 0.10648148148148148
13 0.5424479166666667 0.4777777777777778 0.059895833333333336 0.10555555555555556
7 0.5729166666666666 0.5300925925925926 0.06145833333333333 0.10462962962962963
3 0.6020833333333333 0.4777777777777778 0.06041666666666667 0.10740740740740741
20 0.63515625 0.5296296296296297 0.06510416666666667 0.10555555555555556
20 0.6635416666666667 0.4777777777777778 0.06354166666666666 0.10740740740740741
27 0.49973958333333335 0.5828703703703704 0.5692708333333333 0.8324074074074074
