22 0.17473958333333334 0.0824074074074074 0.021354166666666667 0.037037037037037035
9 0.2682291666666667 0.06481481481481481 0.021875 0.037037037037037035
10 0.2578125 0.08333333333333333 0.020833333333333332 0.037037037037037035
10 0.24739583333333334 0.06574074074074074 0.021875 0.037037037037037035
20 0.23723958333333334 0.08287037037037037 0.021354166666666667 0.03611111111111111
15 0.22630208333333332 0.06574074074074074 0.021354166666666667 0.037037037037037035
15 0.21640625 0.08287037037037037 0.021354166666666667 0.03611111111111111
8 0.20520833333333333 0.06574074074074074 0.021875 0.037037037037037035
4 0.19557291666666668 0.0824074074074074 0.021354166666666667 0.037037037037037035
23 0.184375 0.06620370370370371 0.021875 0.03611111111111111
27 0.5005208333333333 0.16574074074074074 0.90625 0.3314814814814815
