0 0.8958333333333334 0.7342592592592593 0.00625 0.14814814814814814
11 0.78671875 0.7092592592592593 0.022395833333333334 0.03888888888888889
0 0.8661458333333333 0.687037037037037 0.00625 0.05555555555555555
9 0.79609375 0.6916666666666667 0.022395833333333334 0.03888888888888889
16 0.8083333333333333 0.7092592592592593 0.021875 0.037037037037037035
24 0.8177083333333334 0.6916666666666667 0.021875 0.03888888888888889
23 0.8296875 0.7097222222222223 0.021875 0.03796296296296296
9 0.8395833333333333 0.6916666666666667 0.022916666666666665 0.03888888888888889
18 0.85078125 0.7097222222222223 0.021354166666666667 0.03796296296296296
20 0.86171875 0.6912037037037037 0.0234375 0.03796296296296296
27 0.49895833333333334 0.7699074074074074 0.9375 0.3731481481481482
