0 0.8565104166666667 0.5907407407407408 0.005729166666666666 0.14814814814814814
18 0.646875 0.6273148148148148 0.021875 0.03796296296296296
0 0.9377604166666667 0.5402777777777777 0.0067708333333333336 0.05648148148148148
17 0.6578125 0.6087962962962963 0.022916666666666665 0.03796296296296296
19 0.6682291666666667 0.6277777777777778 0.021875 0.03888888888888889
5 0.6794270833333333 0.6087962962962963 0.022395833333333334 0.03796296296296296
23 0.6895833333333333 0.6277777777777778 0.021875 0.03888888888888889
10 0.7013020833333333 0.6087962962962963 0.022395833333333334 0.03796296296296296
12 0.7111979166666667 0.6277777777777778 0.022395833333333334 0.03888888888888889
27 0.49895833333333334 0.6347222222222222 0.9375 0.3527777777777778
