0 0.6135416666666667 0.2884259259259259 0.019791666666666666 0.41944444444444445
18 0.3846354166666667 0.6930555555555555 0.0640625 0.10648148148148148
0 0.6427083333333333 0.17083333333333334 0.019791666666666666 0.15462962962962962
20 0.41432291666666665 0.7402777777777778 0.06510416666666667 0.10462962962962963
4 0.44765625 0.6925925925925925 0.0640625 0.10740740740740741
1 0.4786458333333333 0.7398148148148148 0.06458333333333334 0.1037037037037037
11 0.5096354166666667 0.6921296296296297 0.06197916666666667 0.10648148148148148
21 0.540625 0.7416666666666667 0.06041666666666667 0.10555555555555556
5 0.5697916666666667 0.6902777777777778 0.06041666666666667 0.10648148148148148
1 0.5997395833333333 0.7430555555555556 0.058854166666666666 0.10648148148148148
11 0.6309895833333333 0.6884259259259259 0.06302083333333333 0.10648148148148148
27 0.49973958333333335 0.4912037037037037 0.5692708333333333 0.9824074074074074
