0 0.49947916666666664 0.7310185185185185 0.019791666666666666 0.41944444444444445
21 0.36276041666666664 0.8152777777777778 0.06510416666666667 0.10462962962962963
0 0.47291666666666665 0.5921296296296297 0.019791666666666666 0.1527777777777778
7 0.3963541666666667 0.7694444444444445 0.06145833333333333 0.10740740740740741
9 0.42578125 0.8166666666666667 0.06197916666666667 0.10555555555555556
22 0.45625 0.7675925925925926 0.059375 0.10555555555555556
23 0.4864583333333333 0.8199074074074074 0.06041666666666667 0.10648148148148148
24 0.5161458333333333 0.7652777777777777 0.06145833333333333 0.10462962962962963
7 0.5463541666666667 0.8226851851851852 0.06145833333333333 0.10648148148148148
27 0.49973958333333335 0.7023148148148148 0.5692708333333333 0.5935185185185186
