0 0.9377604166666667 0.8675925925925926 0.005729166666666666 0.14814814814814814
9 0.5192708333333333 0.9888888888888889 0.021875 0.020370370370370372
0 0.9049479166666666 0.8245370370370371 0.005729166666666666 0.05648148148148148
16 0.5302083333333333 0.9805555555555555 0.021875 0.037037037037037035
18 0.5411458333333333 0.9888888888888889 0.021875 0.020370370370370372
1 0.5518229166666667 0.9805555555555555 0.022395833333333334 0.037037037037037035
21 0.5625 0.9888888888888889 0.021875 0.020370370370370372
18 0.5731770833333333 0.9805555555555555 0.022395833333333334 0.037037037037037035
17 0.584375 0.9888888888888889 0.021875 0.020370370370370372
26 0.59453125 0.9805555555555555 0.022395833333333334 0.037037037037037035
27 0.49895833333333334 0.8462962962962963 0.9375 0.3055555555555556
