15 0.48932291666666666 0.6601851851851852 0.021354166666666667 0.037037037037037035
18 0.4783854166666667 0.6773148148148148 0.021354166666666667 0.03611111111111111
5 0.46796875 0.6597222222222222 0.021354166666666667 0.03611111111111111
1 0.45755208333333336 0.6773148148148148 0.021354166666666667 0.03611111111111111
19 0.4473958333333333 0.6597222222222222 0.021875 0.03611111111111111
20 0.43671875 0.6768518518518518 0.021354166666666667 0.037037037037037035
4 0.42630208333333336 0.6592592592592592 0.021354166666666667 0.037037037037037035
8 0.4158854166666667 0.6777777777777778 0.021354166666666667 0.037037037037037035
4 0.40546875 0.6592592592592592 0.021354166666666667 0.037037037037037035
27 0.5005208333333333 0.711574074074074 0.90625 0.3472222222222222
