0 0.2669270833333333 0.5111111111111111 0.018229166666666668 0.4203703703703704
21 0.43072916666666666 0.9157407407407407 0.06041666666666667 0.10740740740740741
0 0.47291666666666665 0.375 0.019791666666666666 0.1537037037037037
14 0.46067708333333335 0.9537037037037037 0.06302083333333333 0.09074074074074075
16 0.49192708333333335 0.9180555555555555 0.06302083333333333 0.10648148148148148
20 0.5236979166666667 0.9532407407407407 0.06510416666666667 0.09166666666666666
4 0.5546875 0.9180555555555555 0.06354166666666666 0.10648148148148148
2 0.58828125 0.9532407407407407 0.06510416666666667 0.09166666666666666
23 0.6177083333333333 0.9180555555555555 0.06354166666666666 0.10648148148148148
5 0.6520833333333333 0.9532407407407407 0.06354166666666666 0.09166666666666666
4 0.6799479166666667 0.9171296296296296 0.06197916666666667 0.10648148148148148
27 0.49973958333333335 0.5856481481481481 0.5692708333333333 0.8268518518518518
