12 0.36666666666666664 0.3578703703703704 0.021875 0.03611111111111111
9 0.35651041666666666 0.37592592592592594 0.021354166666666667 0.037037037037037035
16 0.3458333333333333 0.35833333333333334 0.021875 0.037037037037037035
26 0.33567708333333335 0.37592592592592594 0.021354166666666667 0.037037037037037035
22 0.32473958333333336 0.35833333333333334 0.021354166666666667 0.037037037037037035
1 0.31484375 0.37592592592592594 0.021354166666666667 0.037037037037037035
11 0.30364583333333334 0.35833333333333334 0.021875 0.037037037037037035
16 0.29401041666666666 0.37592592592592594 0.021354166666666667 0.037037037037037035
4 0.2828125 0.35833333333333334 0.021875 0.037037037037037035
27 0.5005208333333333 0.43333333333333335 0.90625 0.34074074074074073
