0 0.9255208333333333 0.3486111111111111 0.00625 0.14722222222222223
1 0.38203125 0.28425925925925927 0.022395833333333334 0.03888888888888889
0 0.8854166666666666 0.28055555555555556 0.00625 0.05555555555555555
14 0.39296875 0.2652777777777778 0.022395833333333334 0.03796296296296296
9 0.40390625 0.28379629629629627 0.022395833333333334 0.03796296296296296
15 0.4140625 0.2657407407407407 0.021875 0.03888888888888889
3 0.42526041666666664 0.2833333333333333 0.022395833333333334 0.03888888888888889
22 0.4359375 0.2657407407407407 0.022916666666666665 0.03888888888888889
16 0.446875 0.2833333333333333 0.021875 0.03888888888888889
27 0.49895833333333334 0.3685185185185185 0.9375 0.3537037037037037
