0 0.9375 0.85 0.00625 0.14814814814814814
21 0.23489583333333333 0.8439814814814814 0.021875 0.03796296296296296
0 0.87734375 0.8037037037037037 0.005729166666666666 0.05555555555555555
19 0.246875 0.8273148148148148 0.021875 0.03796296296296296
1 0.25677083333333334 0.8439814814814814 0.021875 0.03796296296296296
19 0.26848958333333334 0.8273148148148148 0.022395833333333334 0.03796296296296296
11 0.278125 0.8439814814814814 0.021875 0.03796296296296296
12 0.28958333333333336 0.8273148148148148 0.021875 0.03796296296296296
16 0.29973958333333334 0.8444444444444444 0.022395833333333334 0.03888888888888889
21 0.3109375 0.8263888888888888 0.021875 0.03796296296296296
27 0.49895833333333334 0.8393518518518519 0.9375 0.3194444444444444
