0 0.8658854166666666 0.7282407407407407 0.005729166666666666 0.14722222222222223
25 0.6497395833333334 0.8583333333333333 0.022395833333333334 0.03888888888888889
0 0.87734375 0.6842592592592592 0.0078125 0.05555555555555555
26 0.6611979166666667 0.8384259259259259 0.022395833333333334 0.03796296296296296
25 0.6713541666666667 0.8578703703703704 0.021875 0.03796296296296296
15 0.6828125 0.8384259259259259 0.021875 0.03796296296296296
15 0.6927083333333334 0.8583333333333333 0.021875 0.03888888888888889
12 0.7044270833333334 0.8384259259259259 0.022395833333333334 0.03796296296296296
2 0.7143229166666667 0.8583333333333333 0.022395833333333334 0.03888888888888889
27 0.49895833333333334 0.7680555555555556 0.9375 0.3731481481481482
