0 0.8658854166666666 0.7486111111111111 0.005729166666666666 0.14722222222222223
24 0.2713541666666667 0.7523148148148148 0.021875 0.03796296296296296
0 0.8567708333333334 0.7037037037037037 0.00625 0.05555555555555555
17 0.2825520833333333 0.7717592592592593 0.022395833333333334 0.03796296296296296
14 0.29296875 0.7523148148148148 0.022395833333333334 0.03796296296296296
5 0.30494791666666665 0.7708333333333334 0.0234375 0.03796296296296296
20 0.31588541666666664 0.749537037037037 0.024479166666666666 0.03796296296296296
10 0.328125 0.7675925925925926 0.023958333333333335 0.03888888888888889
26 0.3390625 0.7467592592592592 0.022916666666666665 0.03611111111111111
18 0.3502604166666667 0.7657407407407407 0.021354166666666667 0.03888888888888889
25 0.35989583333333336 0.7472222222222222 0.019791666666666666 0.037037037037037035
27 0.49895833333333334 0.7847222222222222 0.9375 0.3768518518518518
