0 0.8953125 0.17546296296296296 0.007291666666666667 0.14907407407407408
25 0.11067708333333333 0.15324074074074073 0.022395833333333334 0.03796296296296296
0 0.9049479166666666 0.1300925925925926 0.005729166666666666 0.05648148148148148
19 0.1234375 0.13287037037037036 0.021875 0.03796296296296296
24 0.13229166666666667 0.15324074074074073 0.021875 0.03796296296296296
25 0.14479166666666668 0.13287037037037036 0.021875 0.03796296296296296
14 0.15416666666666667 0.15324074074074073 0.021875 0.03796296296296296
19 0.16614583333333333 0.13287037037037036 0.021875 0.03796296296296296
16 0.17552083333333332 0.15324074074074073 0.021875 0.03796296296296296
7 0.18776041666666668 0.13287037037037036 0.022395833333333334 0.03796296296296296
27 0.49895833333333334 0.22777777777777777 0.9375 0.37407407407407406
