0 0.8565104166666667 0.18518518518518517 0.005729166666666666 0.14814814814814814
17 0.10833333333333334 0.13657407407407407 0.021875 0.03796296296296296
0 0.8661458333333333 0.13518518518518519 0.00625 0.05555555555555555
6 0.12057291666666667 0.1162037037037037 0.022395833333333334 0.03796296296296296
21 0.1296875 0.13657407407407407 0.021875 0.03796296296296296
19 0.1421875 0.1162037037037037 0.021875 0.03796296296296296
14 0.1515625 0.13657407407407407 0.021875 0.03796296296296296
17 0.16354166666666667 0.1162037037037037 0.021875 0.03796296296296296
13 0.17317708333333334 0.13657407407407407 0.022395833333333334 0.03796296296296296
27 0.49895833333333334 0.23703703703703705 0.9375 0.37222222222222223
