0 0.38515625 0.8782407407407408 0.019270833333333334 0.24166666666666667
5 0.2955729166666667 0.9634259259259259 0.06510416666666667 0.0712962962962963
0 0.41822916666666665 0.8296296296296296 0.016666666666666666 0.1537037037037037
7 0.33177083333333335 0.9388888888888889 0.06354166666666666 0.10740740740740741
7 0.36015625 0.9638888888888889 0.06510416666666667 0.07037037037037037
6 0.39479166666666665 0.9388888888888889 0.06354166666666666 0.10740740740740741
1 0.4239583333333333 0.9638888888888889 0.06354166666666666 0.07037037037037037
24 0.4552083333333333 0.937037037037037 0.059375 0.10740740740740741
21 0.48489583333333336 0.9657407407407408 0.06041666666666667 0.06666666666666667
11 0.5145833333333333 0.9333333333333333 0.06041666666666667 0.10555555555555556
6 0.5447916666666667 0.9675925925925926 0.06041666666666667 0.06296296296296296
27 0.49973958333333335 0.7601851851851852 0.5692708333333333 0.4777777777777778
