12 0.2864583333333333 0.40185185185185185 0.021875 0.037037037037037035
25 0.27630208333333334 0.41944444444444445 0.021354166666666667 0.037037037037037035
20 0.26536458333333335 0.4023148148148148 0.021354166666666667 0.03611111111111111
23 0.25546875 0.41944444444444445 0.021354166666666667 0.037037037037037035
5 0.24453125 0.40185185185185185 0.021354166666666667 0.037037037037037035
25 0.23463541666666668 0.41944444444444445 0.021354166666666667 0.037037037037037035
17 0.22369791666666666 0.40185185185185185 0.021354166666666667 0.037037037037037035
24 0.21380208333333334 0.41944444444444445 0.021354166666666667 0.037037037037037035
4 0.20260416666666667 0.40185185185185185 0.021875 0.037037037037037035
27 0.5005208333333333 0.37824074074074077 0.90625 0.3416666666666667
