0 0.4171875 0.13657407407407407 0.01875 0.27314814814814814
19 0.32734375 0.03333333333333333 0.0640625 0.06666666666666667
0 0.50078125 0.004629629629629629 0.021354166666666667 0.009259259259259259
7 0.3578125 0.0125 0.027083333333333334 0.025
21 0.39036458333333335 0.033796296296296297 0.0640625 0.06759259259259259
12 0.4166666666666667 0.012962962962962963 0.026041666666666668 0.025925925925925925
12 0.45234375 0.033796296296296297 0.06197916666666667 0.06759259259259259
25 0.47578125 0.011574074074074073 0.024479166666666666 0.023148148148148147
22 0.5130208333333334 0.03564814814814815 0.06041666666666667 0.0712962962962963
13 0.5393229166666667 0.009722222222222222 0.025520833333333333 0.019444444444444445
27 0.49973958333333335 0.36944444444444446 0.5692708333333333 0.7388888888888889
