0 0.8848958333333333 0.2671296296296296 0.00625 0.14722222222222223
2 0.7138020833333333 0.3888888888888889 0.022395833333333334 0.03888888888888889
19 0.6174479166666667 0.37083333333333335 0.022395833333333334 0.03796296296296296
0 0.92578125 0.2462962962962963 0.005729166666666666 0.05555555555555555
16 0.628125 0.3888888888888889 0.021875 0.03888888888888889
20 0.6390625 0.37083333333333335 0.021875 0.03796296296296296
23 0.6494791666666667 0.3888888888888889 0.021875 0.03888888888888889
3 0.6606770833333333 0.37083333333333335 0.022395833333333334 0.03796296296296296
8 0.6708333333333333 0.3888888888888889 0.021875 0.03888888888888889
9 0.6822916666666666 0.37083333333333335 0.021875 0.03796296296296296
22 0.6921875 0.38842592592592595 0.021875 0.03796296296296296
18 0.70390625 0.37083333333333335 0.022395833333333334 0.03796296296296296
27 0.49895833333333334 0.31342592592592594 0.9375 0.35462962962962963
