0 0.6140625 0.7712962962962963 0.019791666666666666 0.4185185185185185
16 0.30911458333333336 0.6365740740740741 0.0640625 0.10462962962962963
0 0.6734375 0.6458333333333334 0.021875 0.15648148148148147
1 0.3424479166666667 0.586574074074074 0.058854166666666666 0.10648148148148148
9 0.37135416666666665 0.637962962962963 0.06145833333333333 0.10555555555555556
17 0.4005208333333333 0.5856481481481481 0.059375 0.10462962962962963
21 0.43203125 0.6393518518518518 0.0609375 0.10648148148148148
7 0.46171875 0.5847222222222223 0.0640625 0.10462962962962963
20 0.4934895833333333 0.6398148148148148 0.0640625 0.10740740740740741
2 0.52578125 0.5847222222222223 0.06510416666666667 0.10462962962962963
27 0.49973958333333335 0.7245370370370371 0.5692708333333333 0.549074074074074
