13 0.77734375 0.8592592592592593 0.021354166666666667 0.037037037037037035
17 0.7658854166666667 0.8777777777777778 0.021354166666666667 0.037037037037037035
19 0.75625 0.8587962962962963 0.021875 0.03611111111111111
15 0.7450520833333333 0.8777777777777778 0.021354166666666667 0.037037037037037035
5 0.73515625 0.8587962962962963 0.021354166666666667 0.03611111111111111
3 0.72421875 0.8777777777777778 0.021354166666666667 0.037037037037037035
25 0.7143229166666667 0.8587962962962963 0.021354166666666667 0.03611111111111111
12 0.7033854166666667 0.8777777777777778 0.021354166666666667 0.037037037037037035
5 0.6934895833333333 0.8592592592592593 0.021354166666666667 0.037037037037037035
27 0.5005208333333333 0.8518518518518519 0.90625 0.29444444444444445
