0 0.8765625 0.1648148148148148 0.00625 0.14814814814814814
5 0.0671875 0.18888888888888888 0.021875 0.03888888888888889
0 0.8854166666666666 0.1175925925925926 0.00625 0.05555555555555555
8 0.0796875 0.2064814814814815 0.021875 0.03888888888888889
21 0.08880208333333334 0.18935185185185185 0.022395833333333334 0.03796296296296296
6 0.10104166666666667 0.2064814814814815 0.021875 0.03888888888888889
4 0.11067708333333333 0.18935185185185185 0.022395833333333334 0.03796296296296296
5 0.12291666666666666 0.20601851851851852 0.021875 0.03796296296296296
26 0.13203125 0.18935185185185185 0.022395833333333334 0.03796296296296296
15 0.14427083333333332 0.2064814814814815 0.021875 0.03888888888888889
27 0.49895833333333334 0.22037037037037038 0.9375 0.37592592592592594
