1 0.11744791666666667 0.6888888888888889 0.021354166666666667 0.037037037037037035
5 0.21145833333333333 0.6703703703703704 0.021875 0.037037037037037035
17 0.2 0.6884259259259259 0.021875 0.03611111111111111
24 0.19036458333333334 0.6708333333333333 0.021354166666666667 0.03611111111111111
18 0.17916666666666667 0.687962962962963 0.020833333333333332 0.037037037037037035
3 0.16901041666666666 0.6708333333333333 0.022395833333333334 0.03611111111111111
19 0.15885416666666666 0.6884259259259259 0.020833333333333332 0.03611111111111111
4 0.14791666666666667 0.6703703703703704 0.021875 0.037037037037037035
25 0.13828125 0.6884259259259259 0.021354166666666667 0.03611111111111111
19 0.12682291666666667 0.6703703703703704 0.021354166666666667 0.037037037037037035
27 0.5005208333333333 0.6541666666666667 0.90625 0.3416666666666667
