10 0.34765625 0.49675925925925923 0.021354166666666667 0.03611111111111111
25 0.44140625 0.4791666666666667 0.021354166666666667 0.03611111111111111
4 0.4315104166666667 0.49675925925925923 0.021354166666666667 0.03611111111111111
3 0.4205729166666667 0.4787037037037037 0.021354166666666667 0.037037037037037035
1 0.41041666666666665 0.49722222222222223 0.021875 0.037037037037037035
5 0.3997395833333333 0.4791666666666667 0.021354166666666667 0.03611111111111111
3 0.3893229166666667 0.49675925925925923 0.021354166666666667 0.03611111111111111
11 0.37890625 0.4787037037037037 0.021354166666666667 0.037037037037037035
3 0.3684895833333333 0.49675925925925923 0.021354166666666667 0.03611111111111111
21 0.3578125 0.4787037037037037 0.021875 0.037037037037037035
27 0.5005208333333333 0.5305555555555556 0.90625 0.34074074074074073
