0 0.9046875 0.47129629629629627 0.005208333333333333 0.14814814814814814
13 0.7604166666666666 0.624537037037037 0.022916666666666665 0.03796296296296296
0 0.8854166666666666 0.42592592592592593 0.00625 0.05555555555555555
22 0.7703125 0.6060185185185185 0.021875 0.03796296296296296
4 0.78203125 0.624537037037037 0.022395833333333334 0.03796296296296296
10 0.7916666666666666 0.6060185185185185 0.021875 0.03796296296296296
3 0.80390625 0.624537037037037 0.022395833333333334 0.03796296296296296
12 0.81328125 0.6060185185185185 0.022395833333333334 0.03796296296296296
8 0.8255208333333334 0.6240740740740741 0.021875 0.03888888888888889
27 0.49895833333333334 0.5203703703703704 0.9375 0.3537037037037037
