0 0.3020833333333333 0.4625 0.021875 0.4101851851851852
2 0.41328125 0.8032407407407407 0.06510416666666667 0.10462962962962963
0 0.64296875 0.34305555555555556 0.0203125 0.15462962962962962
4 0.446875 0.7574074074074074 0.06354166666666666 0.10740740740740741
22 0.4778645833333333 0.8032407407407407 0.06510416666666667 0.10462962962962963
5 0.5091145833333334 0.7578703703703704 0.06197916666666667 0.10648148148148148
18 0.5403645833333334 0.8050925925925926 0.0609375 0.10462962962962963
25 0.56953125 0.7555555555555555 0.0609375 0.10555555555555556
8 0.5997395833333333 0.8078703703703703 0.058854166666666666 0.10648148148148148
27 0.49973958333333335 0.5648148148148148 0.5692708333333333 0.8685185185185185
