4 0.7911458333333333 0.4083333333333333 0.021875 0.037037037037037035
19 0.8846354166666667 0.3907407407407407 0.021354166666666667 0.037037037037037035
4 0.875 0.40879629629629627 0.021875 0.03611111111111111
15 0.8638020833333333 0.3902777777777778 0.021354166666666667 0.03611111111111111
13 0.8541666666666666 0.40879629629629627 0.021875 0.03611111111111111
21 0.84296875 0.3902777777777778 0.021354166666666667 0.03611111111111111
18 0.8330729166666667 0.40879629629629627 0.021354166666666667 0.03611111111111111
7 0.8221354166666667 0.3902777777777778 0.021354166666666667 0.03611111111111111
7 0.8119791666666667 0.40879629629629627 0.021875 0.03611111111111111
7 0.8015625 0.3907407407407407 0.020833333333333332 0.037037037037037035
27 0.5005208333333333 0.449537037037037 0.90625 0.3416666666666667
