0 0.85625 0.8870370370370371 0.00625 0.14814814814814814
13 0.3731770833333333 0.8671296296296296 0.022395833333333334 0.03796296296296296
13 0.27578125 0.8486111111111111 0.022395833333333334 0.03796296296296296
0 0.9049479166666666 0.8384259259259259 0.005729166666666666 0.05648148148148148
1 0.2875 0.8685185185185185 0.021875 0.03888888888888889
19 0.29765625 0.8486111111111111 0.022395833333333334 0.03796296296296296
8 0.30911458333333336 0.8685185185185185 0.022395833333333334 0.03888888888888889
24 0.3190104166666667 0.8486111111111111 0.022395833333333334 0.03796296296296296
9 0.3307291666666667 0.8685185185185185 0.021875 0.03888888888888889
20 0.340625 0.8486111111111111 0.022916666666666665 0.03796296296296296
12 0.35182291666666665 0.8680555555555556 0.021354166666666667 0.03796296296296296
16 0.36276041666666664 0.8495370370370371 0.022395833333333334 0.03796296296296296
27 0.49895833333333334 0.8518518518518519 0.9375 0.29444444444444445
