18 0.3424479166666667 0.27870370370370373 0.021354166666666667 0.037037037037037035
2 0.33229166666666665 0.2962962962962963 0.021875 0.037037037037037035
11 0.3216145833333333 0.27870370370370373 0.021354166666666667 0.037037037037037035
6 0.3111979166666667 0.2962962962962963 0.021354166666666667 0.037037037037037035
19 0.30052083333333335 0.27870370370370373 0.021875 0.037037037037037035
4 0.2903645833333333 0.2962962962962963 0.021354166666666667 0.037037037037037035
4 0.2794270833333333 0.27870370370370373 0.021354166666666667 0.037037037037037035
13 0.26953125 0.2962962962962963 0.021354166666666667 0.037037037037037035
14 0.25859375 0.27870370370370373 0.021354166666666667 0.037037037037037035
27 0.5005208333333333 0.20972222222222223 0.90625 0.35833333333333334
