0 0.49973958333333335 0.11805555555555555 0.019270833333333334 0.2361111111111111
16 0.29635416666666664 0.45046296296296295 0.065625 0.10462962962962963
14 0.33255208333333336 0.39675925925925926 0.0640625 0.10648148148148148
12 0.3609375 0.45046296296296295 0.065625 0.10462962962962963
20 0.39505208333333336 0.3962962962962963 0.06302083333333333 0.10740740740740741
5 0.42421875 0.45046296296296295 0.06302083333333333 0.10462962962962963
24 0.4557291666666667 0.39675925925925926 0.059375 0.10648148148148148
10 0.48541666666666666 0.45 0.06041666666666667 0.10555555555555556
24 0.5151041666666667 0.3976851851851852 0.06041666666666667 0.10462962962962963
27 0.49973958333333335 0.35648148148148145 0.5692708333333333 0.7129629629629629
