1 0.47682291666666665 0.2337962962962963 0.021354166666666667 0.03611111111111111
16 0.46640625 0.25092592592592594 0.021354166666666667 0.037037037037037035
8 0.45598958333333334 0.2337962962962963 0.021354166666666667 0.03796296296296296
9 0.44557291666666665 0.2518518518518518 0.021354166666666667 0.037037037037037035
17 0.43515625 0.23333333333333334 0.021354166666666667 0.037037037037037035
2 0.42473958333333334 0.2518518518518518 0.021354166666666667 0.037037037037037035
2 0.41432291666666665 0.23333333333333334 0.021354166666666667 0.037037037037037035
24 0.40390625 0.2518518518518518 0.021354166666666667 0.037037037037037035
12 0.39348958333333334 0.23333333333333334 0.021354166666666667 0.037037037037037035
27 0.5005208333333333 0.33055555555555555 0.90625 0.34074074074074073
