25 0.4669270833333333 0.37824074074074077 0.021354166666666667 0.03611111111111111
12 0.5611979166666666 0.36064814814814816 0.021354166666666667 0.03611111111111111
1 0.55078125 0.37824074074074077 0.021354166666666667 0.03611111111111111
9 0.5403645833333334 0.3611111111111111 0.021354166666666667 0.037037037037037035
9 0.5299479166666666 0.37824074074074077 0.021354166666666667 0.03611111111111111
13 0.5192708333333333 0.3611111111111111 0.021875 0.037037037037037035
9 0.50859375 0.37824074074074077 0.021354166666666667 0.03611111111111111
10 0.4984375 0.36064814814814816 0.021875 0.03611111111111111
18 0.48802083333333335 0.37824074074074077 0.021875 0.03611111111111111
19 0.47760416666666666 0.36064814814814816 0.021875 0.03611111111111111
27 0.5005208333333333 0.2916666666666667 0.90625 0.34629629629629627
