0 0.88515625 0.4046296296296296 0.005729166666666666 0.14814814814814814
22 0.8505208333333333 0.47175925925925927 0.021875 0.03796296296296296
0 0.8661458333333333 0.3592592592592593 0.00625 0.05555555555555555
25 0.8604166666666667 0.49027777777777776 0.022916666666666665 0.03796296296296296
25 0.8716145833333333 0.47129629629629627 0.021354166666666667 0.03888888888888889
26 0.8825520833333333 0.49027777777777776 0.022395833333333334 0.03796296296296296
4 0.8924479166666667 0.47175925925925927 0.021354166666666667 0.03796296296296296
6 0.9044270833333333 0.49027777777777776 0.022395833333333334 0.03796296296296296
5 0.9138020833333333 0.47129629629629627 0.022395833333333334 0.03888888888888889
6 0.9260416666666667 0.49027777777777776 0.021875 0.03796296296296296
27 0.49895833333333334 0.44907407407407407 0.9375 0.3537037037037037
