0 0.9169270833333333 0.8592592592592593 0.0067708333333333336 0.14814814814814814
25 0.8890625 0.8643518518518518 0.021875 0.03796296296296296
26 0.790625 0.8472222222222222 0.021875 0.03888888888888889
0 0.8958333333333334 0.8171296296296297 0.008333333333333333 0.05648148148148148
20 0.8026041666666667 0.8643518518518518 0.021875 0.03796296296296296
1 0.8122395833333333 0.8472222222222222 0.022395833333333334 0.03888888888888889
24 0.82421875 0.8643518518518518 0.022395833333333334 0.03796296296296296
24 0.83359375 0.8472222222222222 0.022395833333333334 0.03888888888888889
7 0.8458333333333333 0.8643518518518518 0.021875 0.03796296296296296
1 0.8549479166666667 0.8472222222222222 0.022395833333333334 0.03888888888888889
13 0.8674479166666667 0.8643518518518518 0.022395833333333334 0.03796296296296296
24 0.8765625 0.8472222222222222 0.021875 0.03888888888888889
27 0.49895833333333334 0.8425925925925926 0.9375 0.31296296296296294
