0 0.92578125 0.37916666666666665 0.005729166666666666 0.14722222222222223
10 0.8552083333333333 0.31805555555555554 0.021875 0.03796296296296296
22 0.7588541666666667 0.29953703703703705 0.022916666666666665 0.03796296296296296
0 0.89609375 0.3060185185185185 0.0067708333333333336 0.05648148148148148
26 0.76953125 0.31851851851851853 0.021354166666666667 0.03888888888888889
16 0.7807291666666667 0.300462962962963 0.022916666666666665 0.03796296296296296
4 0.7908854166666667 0.31805555555555554 0.021354166666666667 0.03796296296296296
16 0.8026041666666667 0.300462962962963 0.021875 0.03796296296296296
6 0.8122395833333333 0.31805555555555554 0.022395833333333334 0.03796296296296296
22 0.82421875 0.300462962962963 0.022395833333333334 0.03796296296296296
5 0.83359375 0.31805555555555554 0.022395833333333334 0.03796296296296296
5 0.8458333333333333 0.300462962962963 0.021875 0.03796296296296296
27 0.49895833333333334 0.399537037037037 0.9375 0.3527777777777778
