0 0.92578125 0.6703703703703704 0.005729166666666666 0.14814814814814814
7 0.6604166666666667 0.7541666666666667 0.021875 0.03796296296296296
0 0.8856770833333333 0.5981481481481481 0.0067708333333333336 0.05555555555555555
22 0.6705729166666666 0.736574074074074 0.022395833333333334 0.03796296296296296
17 0.6822916666666666 0.7541666666666667 0.021875 0.03796296296296296
5 0.6921875 0.736574074074074 0.021875 0.03796296296296296
12 0.70390625 0.7541666666666667 0.022395833333333334 0.03796296296296296
25 0.7135416666666666 0.736574074074074 0.021875 0.03796296296296296
24 0.7252604166666666 0.7541666666666667 0.022395833333333334 0.03796296296296296
17 0.7348958333333333 0.736574074074074 0.021875 0.03796296296296296
27 0.49895833333333334 0.6884259259259259 0.9375 0.35648148148148145
