0 0.4166666666666667 0.24074074074074073 0.019791666666666666 0.40925925925925927
5 0.3997395833333333 0.475462962962963 0.058854166666666666 0.10648148148148148
0 0.30390625 0.1125 0.0203125 0.15462962962962962
20 0.42994791666666665 0.5277777777777778 0.0609375 0.10555555555555556
24 0.459375 0.4759259259259259 0.06145833333333333 0.10555555555555556
24 0.490625 0.5282407407407408 0.0625 0.10648148148148148
18 0.5221354166666666 0.47638888888888886 0.06510416666666667 0.10462962962962963
16 0.553125 0.5282407407407408 0.06354166666666666 0.10648148148148148
14 0.58671875 0.47638888888888886 0.06510416666666667 0.10462962962962963
13 0.6161458333333333 0.5282407407407408 0.06354166666666666 0.10648148148148148
4 0.65078125 0.4759259259259259 0.06510416666666667 0.1037037037037037
27 0.49973958333333335 0.46435185185185185 0.5692708333333333 0.9287037037037037
