0 0.5265625 0.12824074074074074 0.01875 0.2564814814814815
3 0.6424479166666667 0.27824074074074073 0.06510416666666667 0.10462962962962963
16 0.36171875 0.2263888888888889 0.06510416666666667 0.10462962962962963
6 0.3958333333333333 0.27314814814814814 0.0625 0.10740740740740741
21 0.425 0.22592592592592592 0.0625 0.10555555555555556
24 0.45598958333333334 0.274537037037037 0.059895833333333336 0.10648148148148148
22 0.4859375 0.22268518518518518 0.06041666666666667 0.10648148148148148
14 0.5153645833333333 0.27685185185185185 0.0609375 0.10555555555555556
13 0.5458333333333333 0.22037037037037038 0.06145833333333333 0.10740740740740741
8 0.5778645833333333 0.27824074074074073 0.06510416666666667 0.10462962962962963
15 0.6075520833333333 0.22037037037037038 0.0640625 0.10740740740740741
27 0.49973958333333335 0.3587962962962963 0.5692708333333333 0.7175925925925926
