24 0.53046875 0.9305555555555556 0.021354166666666667 0.037037037037037035
8 0.6247395833333333 0.9120370370370371 0.021354166666666667 0.037037037037037035
4 0.6143229166666667 0.9291666666666667 0.021354166666666667 0.03611111111111111
13 0.60390625 0.9120370370370371 0.021354166666666667 0.037037037037037035
20 0.5934895833333333 0.9296296296296296 0.021354166666666667 0.037037037037037035
23 0.5830729166666667 0.9115740740740741 0.021354166666666667 0.03611111111111111
14 0.5721354166666667 0.9300925925925926 0.021354166666666667 0.03611111111111111
13 0.5619791666666667 0.9115740740740741 0.021875 0.03611111111111111
19 0.5513020833333333 0.9305555555555556 0.021354166666666667 0.037037037037037035
13 0.54140625 0.9111111111111111 0.021354166666666667 0.037037037037037035
27 0.5005208333333333 0.8425925925925926 0.90625 0.31296296296296294
