0 0.9046875 0.06574074074074074 0.005208333333333333 0.13148148148148148
19 0.47578125 0.19027777777777777 0.022395833333333334 0.03796296296296296
1 0.37838541666666664 0.17222222222222222 0.022395833333333334 0.037037037037037035
0 0.9260416666666667 0.0375 0.00625 0.05648148148148148
7 0.38984375 0.18935185185185185 0.022395833333333334 0.03796296296296296
4 0.4 0.17175925925925925 0.021875 0.03796296296296296
18 0.41119791666666666 0.18935185185185185 0.022395833333333334 0.03796296296296296
26 0.42161458333333335 0.17175925925925925 0.022395833333333334 0.03796296296296296
11 0.4328125 0.18981481481481483 0.021875 0.03888888888888889
6 0.4432291666666667 0.17175925925925925 0.021875 0.03796296296296296
21 0.45416666666666666 0.18981481481481483 0.021875 0.03888888888888889
18 0.46510416666666665 0.17083333333333334 0.021875 0.03796296296296296
27 0.49895833333333334 0.16018518518518518 0.9375 0.32037037037037036
