0 0.6731770833333334 0.22824074074074074 0.019270833333333334 0.41944444444444445
17 0.4859375 0.5277777777777778 0.06041666666666667 0.10555555555555556
0 0.5557291666666667 0.09814814814814815 0.020833333333333332 0.1574074074074074
21 0.5161458333333333 0.4759259259259259 0.06145833333333333 0.10555555555555556
12 0.5466145833333333 0.5282407407407408 0.06197916666666667 0.10648148148148148
5 0.57890625 0.475462962962963 0.06510416666666667 0.10462962962962963
7 0.6083333333333333 0.5282407407407408 0.06354166666666666 0.10648148148148148
24 0.64296875 0.47638888888888886 0.06510416666666667 0.10462962962962963
19 0.6713541666666667 0.5287037037037037 0.06354166666666666 0.10740740740740741
27 0.49973958333333335 0.45694444444444443 0.5692708333333333 0.9138888888888889
