17 0.5997395833333333 0.537962962962963 0.021354166666666667 0.037037037037037035
20 0.5890625 0.5555555555555556 0.021875 0.037037037037037035
15 0.57890625 0.537962962962963 0.021354166666666667 0.037037037037037035
23 0.56796875 0.5560185185185185 0.021354166666666667 0.03611111111111111
10 0.5580729166666667 0.537962962962963 0.021354166666666667 0.037037037037037035
10 0.5471354166666667 0.5560185185185185 0.021354166666666667 0.03611111111111111
12 0.5369791666666667 0.537962962962963 0.021875 0.037037037037037035
26 0.5263020833333333 0.5555555555555556 0.021354166666666667 0.037037037037037035
2 0.5161458333333333 0.537962962962963 0.021875 0.037037037037037035
27 0.5005208333333333 0.49907407407407406 0.90625 0.34074074074074073
