0 0.9375 0.3453703703703704 0.00625 0.14814814814814814
13 0.79765625 0.3675925925925926 0.022395833333333334 0.03888888888888889
9 0.7018229166666666 0.34953703703703703 0.022395833333333334 0.03796296296296296
0 0.92578125 0.33055555555555555 0.005729166666666666 0.05555555555555555
14 0.7114583333333333 0.36712962962962964 0.021875 0.03796296296296296
16 0.7231770833333333 0.34953703703703703 0.022395833333333334 0.03796296296296296
10 0.7330729166666666 0.36712962962962964 0.022395833333333334 0.03796296296296296
3 0.7450520833333333 0.34953703703703703 0.022395833333333334 0.03796296296296296
2 0.7546875 0.36712962962962964 0.021875 0.03796296296296296
15 0.76640625 0.34953703703703703 0.022395833333333334 0.03796296296296296
8 0.7760416666666666 0.36712962962962964 0.021875 0.03796296296296296
13 0.7880208333333333 0.34953703703703703 0.021875 0.03796296296296296
27 0.49895833333333334 0.39351851851851855 0.9375 0.3537037037037037
