0 0.9046875 0.29074074074074074 0.005208333333333333 0.14814814814814814
26 0.15052083333333333 0.3282407407407407 0.021875 0.03796296296296296
0 0.8770833333333333 0.2449074074074074 0.00625 0.05648148148148148
25 0.16302083333333334 0.3458333333333333 0.021875 0.03796296296296296
18 0.17213541666666668 0.3282407407407407 0.022395833333333334 0.03796296296296296
18 0.184375 0.3458333333333333 0.021875 0.03796296296296296
14 0.19375 0.3282407407407407 0.021875 0.03796296296296296
16 0.20572916666666666 0.3458333333333333 0.021875 0.03796296296296296
11 0.21536458333333333 0.3282407407407407 0.022395833333333334 0.03796296296296296
13 0.22734375 0.3458333333333333 0.022395833333333334 0.03796296296296296
21 0.23671875 0.3282407407407407 0.022395833333333334 0.03796296296296296
27 0.49895833333333334 0.3365740740740741 0.9375 0.3527777777777778
