0 0.8953125 0.06898148148148148 0.007291666666666667 0.13796296296296295
18 0.4395833333333333 0.16435185185185186 0.021875 0.03796296296296296
0 0.8770833333333333 0.024074074074074074 0.00625 0.04814814814814815
20 0.4505208333333333 0.1439814814814815 0.021875 0.03796296296296296
8 0.46119791666666665 0.16435185185185186 0.022395833333333334 0.03796296296296296
25 0.471875 0.14444444444444443 0.021875 0.03888888888888889
13 0.4825520833333333 0.16435185185185186 0.022395833333333334 0.03796296296296296
10 0.4934895833333333 0.14444444444444443 0.022395833333333334 0.03888888888888889
22 0.5041666666666667 0.16342592592592592 0.021875 0.03796296296296296
19 0.5151041666666667 0.1449074074074074 0.021875 0.03796296296296296
27 0.49895833333333334 0.16342592592592592 0.9375 0.32685185185185184
