0 0.8768229166666667 0.07314814814814814 0.005729166666666666 0.14629629629629629
13 0.32447916666666665 0.13472222222222222 0.021875 0.03796296296296296
12 0.22760416666666666 0.1162037037037037 0.021875 0.03796296296296296
0 0.92578125 0.05416666666666667 0.005729166666666666 0.05648148148148148
10 0.23723958333333334 0.13657407407407407 0.022395833333333334 0.03796296296296296
11 0.24895833333333334 0.1162037037037037 0.021875 0.03796296296296296
15 0.2591145833333333 0.1361111111111111 0.022395833333333334 0.037037037037037035
10 0.2703125 0.11712962962962963 0.021875 0.03796296296296296
17 0.28098958333333335 0.13564814814814816 0.022395833333333334 0.03796296296296296
3 0.29140625 0.11805555555555555 0.021354166666666667 0.03796296296296296
19 0.3026041666666667 0.13472222222222222 0.022916666666666665 0.03796296296296296
14 0.31276041666666665 0.11805555555555555 0.022395833333333334 0.03796296296296296
27 0.49895833333333334 0.16620370370370371 0.9375 0.33240740740740743
