13 0.46510416666666665 0.6888888888888889 0.021875 0.037037037037037035
10 0.5591145833333333 0.6712962962962963 0.021354166666666667 0.037037037037037035
12 0.5486979166666667 0.6893518518518519 0.021354166666666667 0.03611111111111111
8 0.53828125 0.6712962962962963 0.021354166666666667 0.037037037037037035
2 0.5278645833333333 0.6893518518518519 0.021354166666666667 0.03611111111111111
8 0.5174479166666667 0.6712962962962963 0.021354166666666667 0.037037037037037035
3 0.50703125 0.6898148148148148 0.021354166666666667 0.037037037037037035
10 0.49661458333333336 0.6708333333333333 0.021354166666666667 0.03611111111111111
17 0.4859375 0.6893518518518519 0.021875 0.03611111111111111
10 0.47578125 0.6712962962962963 0.021354166666666667 0.037037037037037035
27 0.5005208333333333 0.6972222222222222 0.90625 0.34444444444444444
