9 0.84609375 0.26296296296296295 0.021354166666666667 0.037037037037037035
25 0.83671875 0.2814814814814815 0.021354166666666667 0.037037037037037035
8 0.8252604166666667 0.26296296296296295 0.021354166666666667 0.037037037037037035
24 0.8158854166666667 0.2814814814814815 0.021354166666666667 0.037037037037037035
18 0.8046875 0.26296296296296295 0.021875 0.037037037037037035
10 0.7950520833333333 0.2814814814814815 0.021354166666666667 0.037037037037037035
3 0.7838541666666666 0.26296296296296295 0.021875 0.037037037037037035
4 0.7739583333333333 0.2814814814814815 0.021875 0.037037037037037035
20 0.7627604166666667 0.26296296296296295 0.021354166666666667 0.037037037037037035
27 0.5005208333333333 0.20694444444444443 0.90625 0.35833333333333334
