15 0.45260416666666664 0.4791666666666667 0.021875 0.03611111111111111
11 0.5466145833333333 0.46111111111111114 0.021354166666666667 0.037037037037037035
3 0.5361979166666667 0.4791666666666667 0.021354166666666667 0.03611111111111111
6 0.52578125 0.46111111111111114 0.021354166666666667 0.037037037037037035
6 0.5153645833333333 0.4791666666666667 0.021354166666666667 0.03611111111111111
26 0.5046875 0.46111111111111114 0.021875 0.037037037037037035
10 0.49453125 0.4787037037037037 0.021354166666666667 0.037037037037037035
17 0.48385416666666664 0.46111111111111114 0.021875 0.037037037037037035
16 0.4734375 0.4787037037037037 0.021875 0.037037037037037035
13 0.4627604166666667 0.46111111111111114 0.021354166666666667 0.037037037037037035
27 0.5005208333333333 0.5740740740740741 0.90625 0.34074074074074073
