0 0.9255208333333333 0.8407407407407408 0.00625 0.14814814814814814
5 0.14270833333333333 0.9009259259259259 0.021875 0.03888888888888889
0 0.9377604166666667 0.7662037037037037 0.0067708333333333336 0.05648148148148148
22 0.15182291666666667 0.9180555555555555 0.022395833333333334 0.03796296296296296
6 0.1640625 0.9013888888888889 0.021875 0.03796296296296296
3 0.1734375 0.9180555555555555 0.021875 0.03796296296296296
6 0.18541666666666667 0.9009259259259259 0.021875 0.03888888888888889
17 0.19505208333333332 0.9180555555555555 0.022395833333333334 0.03796296296296296
1 0.20677083333333332 0.9013888888888889 0.021875 0.03796296296296296
1 0.21666666666666667 0.9180555555555555 0.021875 0.03796296296296296
22 0.22838541666666667 0.9013888888888889 0.022395833333333334 0.03796296296296296
27 0.49895833333333334 0.8245370370370371 0.9375 0.3490740740740741
