0 0.8658854166666666 0.22824074074074074 0.005729166666666666 0.14722222222222223
18 0.153125 0.34305555555555556 0.021875 0.03796296296296296
0 0.8958333333333334 0.17777777777777778 0.00625 0.05555555555555555
6 0.16536458333333334 0.3236111111111111 0.022395833333333334 0.03796296296296296
25 0.17473958333333334 0.34305555555555556 0.022395833333333334 0.03796296296296296
9 0.18671875 0.3236111111111111 0.022395833333333334 0.03796296296296296
14 0.19609375 0.34305555555555556 0.022395833333333334 0.03796296296296296
22 0.20833333333333334 0.3236111111111111 0.021875 0.03796296296296296
22 0.21796875 0.34305555555555556 0.022395833333333334 0.03796296296296296
27 0.49895833333333334 0.2759259259259259 0.9375 0.362962962962963
