0 0.9174479166666667 0.8037037037037037 0.005729166666666666 0.14814814814814814
17 0.20833333333333334 0.7949074074074074 0.021875 0.03796296296296296
22 0.10989583333333333 0.7754629629629629 0.021875 0.03796296296296296
0 0.9049479166666666 0.7560185185185185 0.005729166666666666 0.05648148148148148
11 0.12239583333333333 0.7949074074074074 0.021875 0.03796296296296296
4 0.13151041666666666 0.7754629629629629 0.022395833333333334 0.03796296296296296
24 0.14401041666666667 0.7949074074074074 0.022395833333333334 0.03796296296296296
5 0.15338541666666666 0.775 0.022395833333333334 0.03888888888888889
9 0.16536458333333334 0.7949074074074074 0.022395833333333334 0.03796296296296296
6 0.17473958333333334 0.7754629629629629 0.022395833333333334 0.03796296296296296
15 0.18671875 0.7953703703703704 0.022395833333333334 0.03888888888888889
4 0.19635416666666666 0.7754629629629629 0.021875 0.03796296296296296
27 0.49895833333333334 0.8208333333333333 0.9375 0.35648148148148145
