15 0.6330729166666667 0.5648148148148148 0.021354166666666667 0.037037037037037035
1 0.62265625 0.5828703703703704 0.021354166666666667 0.03611111111111111
20 0.6122395833333333 0.5652777777777778 0.021354166666666667 0.03611111111111111
1 0.6018229166666667 0.5828703703703704 0.021354166666666667 0.03611111111111111
24 0.5911458333333334 0.5652777777777778 0.021875 0.03611111111111111
15 0.58125 0.5824074074074074 0.021875 0.037037037037037035
11 0.5703125 0.5648148148148148 0.021875 0.037037037037037035
23 0.56015625 0.5828703703703704 0.021354166666666667 0.03611111111111111
10 0.5494791666666666 0.5648148148148148 0.021875 0.037037037037037035
27 0.5005208333333333 0.5671296296296297 0.90625 0.3416666666666667
