0 0.92578125 0.6828703703703703 0.005729166666666666 0.14722222222222223
9 0.7971354166666667 0.6865740740740741 0.022395833333333334 0.03796296296296296
0 0.8661458333333333 0.6111111111111112 0.005208333333333333 0.05555555555555555
24 0.8091145833333333 0.7041666666666667 0.022395833333333334 0.03796296296296296
25 0.8190104166666666 0.6865740740740741 0.022395833333333334 0.03796296296296296
23 0.83046875 0.7041666666666667 0.021354166666666667 0.03796296296296296
25 0.8408854166666667 0.6861111111111111 0.022395833333333334 0.037037037037037035
2 0.8513020833333333 0.7050925925925926 0.021354166666666667 0.03796296296296296
9 0.8630208333333333 0.6856481481481481 0.022916666666666665 0.03796296296296296
21 0.8723958333333334 0.7050925925925926 0.021875 0.03796296296296296
8 0.8846354166666667 0.6856481481481481 0.022395833333333334 0.03796296296296296
27 0.49895833333333334 0.7018518518518518 0.9375 0.3592592592592593
