0 0.3263020833333333 0.4125 0.0203125 0.41944444444444445
20 0.4895833333333333 0.49212962962962964 0.06145833333333333 0.10648148148148148
0 0.61484375 0.2851851851851852 0.019270833333333334 0.1574074074074074
5 0.5205729166666667 0.44027777777777777 0.06510416666666667 0.10462962962962963
6 0.5515625 0.49166666666666664 0.06354166666666666 0.10740740740740741
16 0.5848958333333333 0.44027777777777777 0.065625 0.10462962962962963
22 0.6145833333333334 0.49166666666666664 0.06354166666666666 0.10740740740740741
10 0.64921875 0.44027777777777777 0.06510416666666667 0.10462962962962963
12 0.6770833333333334 0.49166666666666664 0.06354166666666666 0.10740740740740741
27 0.49973958333333335 0.538425925925926 0.5692708333333333 0.9212962962962963
