0 0.5828125 0.3365740740740741 0.01875 0.4101851851851852
5 0.4473958333333333 0.6638888888888889 0.06354166666666666 0.10740740740740741
0 0.3859375 0.20185185185185187 0.020833333333333332 0.1574074074074074
10 0.4783854166666667 0.711574074074074 0.06510416666666667 0.10462962962962963
3 0.5096354166666667 0.663425925925926 0.06197916666666667 0.10648148148148148
13 0.540625 0.7129629629629629 0.06041666666666667 0.10555555555555556
3 0.5700520833333333 0.6625 0.0609375 0.10648148148148148
7 0.6 0.7148148148148148 0.059375 0.10555555555555556
20 0.63125 0.6606481481481481 0.0625 0.10462962962962963
1 0.6596354166666667 0.7162037037037037 0.06197916666666667 0.10648148148148148
27 0.49973958333333335 0.49953703703703706 0.5692708333333333 0.9990740740740741
