0 0.88515625 0.4986111111111111 0.005729166666666666 0.14722222222222223
18 0.6111979166666667 0.4986111111111111 0.022395833333333334 0.03796296296296296
0 0.9049479166666666 0.4527777777777778 0.005729166666666666 0.05555555555555555
4 0.6223958333333334 0.5171296296296296 0.021875 0.03796296296296296
12 0.6328125 0.4986111111111111 0.021875 0.03796296296296296
18 0.6440104166666667 0.5171296296296296 0.022395833333333334 0.03796296296296296
2 0.6541666666666667 0.4981481481481482 0.021875 0.03888888888888889
3 0.665625 0.5171296296296296 0.021875 0.03796296296296296
2 0.67578125 0.4981481481481482 0.022395833333333334 0.03888888888888889
24 0.6869791666666667 0.5171296296296296 0.021875 0.03796296296296296
11 0.69765625 0.4981481481481482 0.022395833333333334 0.03888888888888889
27 0.49895833333333334 0.5449074074074074 0.9375 0.3527777777777778
