0 0.92578125 0.41898148148148145 0.005729166666666666 0.14722222222222223
22 0.18958333333333333 0.35694444444444445 0.021875 0.03796296296296296
9 0.09244791666666667 0.3384259259259259 0.022395833333333334 0.03796296296296296
0 0.9375 0.3476851851851852 0.00625 0.05648148148148148
18 0.1046875 0.35694444444444445 0.021875 0.03796296296296296
26 0.11380208333333333 0.3388888888888889 0.022395833333333334 0.03888888888888889
18 0.12630208333333334 0.35648148148148145 0.022395833333333334 0.03888888888888889
4 0.13567708333333334 0.3384259259259259 0.022395833333333334 0.03796296296296296
13 0.14765625 0.35648148148148145 0.021354166666666667 0.03888888888888889
23 0.15729166666666666 0.3384259259259259 0.022916666666666665 0.03796296296296296
18 0.16875 0.35694444444444445 0.021875 0.03796296296296296
22 0.1796875 0.3384259259259259 0.022916666666666665 0.03796296296296296
27 0.49895833333333334 0.43842592592592594 0.9375 0.3527777777777778
