0 0.9375 0.14166666666666666 0.00625 0.14814814814814814
25 0.13723958333333333 0.20324074074074075 0.022395833333333334 0.03796296296296296
0 0.9174479166666667 0.09305555555555556 0.0078125 0.05648148148148148
23 0.1484375 0.22175925925925927 0.021875 0.03796296296296296
13 0.15963541666666667 0.20324074074074075 0.022395833333333334 0.03796296296296296
13 0.16927083333333334 0.22268518518518518 0.021875 0.03796296296296296
21 0.18151041666666667 0.2023148148148148 0.022395833333333334 0.03796296296296296
20 0.19088541666666667 0.22268518518518518 0.022395833333333334 0.03796296296296296
1 0.20286458333333332 0.20277777777777778 0.022395833333333334 0.03888888888888889
2 0.2125 0.22268518518518518 0.021875 0.03796296296296296
6 0.22447916666666667 0.20277777777777778 0.021875 0.03888888888888889
27 0.49895833333333334 0.19768518518518519 0.9375 0.38055555555555554
