0 0.8848958333333333 0.29907407407407405 0.00625 0.14814814814814814
7 0.24921875 0.4439814814814815 0.021354166666666667 0.03796296296296296
22 0.15104166666666666 0.425462962962963 0.021875 0.03796296296296296
0 0.87734375 0.24953703703703703 0.0067708333333333336 0.05648148148148148
11 0.16328125 0.4439814814814815 0.022395833333333334 0.03796296296296296
17 0.17265625 0.425462962962963 0.022395833333333334 0.03796296296296296
20 0.18463541666666666 0.4439814814814815 0.022395833333333334 0.03796296296296296
2 0.19427083333333334 0.425462962962963 0.021875 0.03796296296296296
3 0.20625 0.4439814814814815 0.021875 0.03796296296296296
13 0.21588541666666666 0.425462962962963 0.022395833333333334 0.03796296296296296
14 0.22786458333333334 0.4439814814814815 0.022395833333333334 0.03796296296296296
19 0.2375 0.425462962962963 0.021875 0.03796296296296296
27 0.49895833333333334 0.3425925925925926 0.9375 0.3537037037037037
