0 0.8953125 0.6481481481481481 0.007291666666666667 0.14814814814814814
12 0.15130208333333334 0.6810185185185185 0.022395833333333334 0.03796296296296296
0 0.8661458333333333 0.6 0.00625 0.05555555555555555
19 0.16354166666666667 0.663425925925926 0.021875 0.03796296296296296
25 0.17291666666666666 0.6810185185185185 0.021875 0.03796296296296296
18 0.18489583333333334 0.663425925925926 0.021875 0.03796296296296296
26 0.19453125 0.6810185185185185 0.022395833333333334 0.03796296296296296
26 0.20651041666666667 0.663425925925926 0.022395833333333334 0.03796296296296296
11 0.21614583333333334 0.6810185185185185 0.021875 0.03796296296296296
27 0.49895833333333334 0.6939814814814815 0.9375 0.35648148148148145
