0 0.9174479166666667 0.6601851851851852 0.005729166666666666 0.14814814814814814
5 0.7 0.6893518518518519 0.021875 0.03796296296296296
0 0.9377604166666667 0.6152777777777778 0.005729166666666666 0.05648148148148148
15 0.71015625 0.6712962962962963 0.022395833333333334 0.03888888888888889
26 0.7216145833333333 0.6884259259259259 0.022395833333333334 0.03796296296296296
16 0.7315104166666667 0.6708333333333333 0.022395833333333334 0.03796296296296296
1 0.7434895833333334 0.6888888888888889 0.022395833333333334 0.03888888888888889
5 0.753125 0.6708333333333333 0.021875 0.03796296296296296
9 0.76484375 0.6888888888888889 0.022395833333333334 0.037037037037037035
27 0.49895833333333334 0.7027777777777777 0.9375 0.3592592592592593
