0 0.6942708333333333 0.5953703703703703 0.017708333333333333 0.40925925925925927
25 0.45260416666666664 0.8935185185185185 0.06145833333333333 0.10740740740740741
0 0.6153645833333333 0.4597222222222222 0.0203125 0.15648148148148147
26 0.4828125 0.9384259259259259 0.06145833333333333 0.10648148148148148
2 0.5130208333333334 0.8902777777777777 0.06041666666666667 0.10648148148148148
14 0.5427083333333333 0.9421296296296297 0.059375 0.10648148148148148
12 0.5731770833333333 0.8861111111111111 0.06197916666666667 0.1037037037037037
25 0.60234375 0.9439814814814815 0.0609375 0.10277777777777777
17 0.6361979166666667 0.8842592592592593 0.06510416666666667 0.1037037037037037
16 0.6643229166666667 0.9449074074074074 0.0640625 0.10462962962962963
27 0.49973958333333335 0.6305555555555555 0.5692708333333333 0.737037037037037
