26 0.22161458333333334 0.4398148148148148 0.021354166666666667 0.037037037037037035
1 0.31614583333333335 0.4222222222222222 0.020833333333333332 0.037037037037037035
1 0.30546875 0.4398148148148148 0.021354166666666667 0.037037037037037035
9 0.2953125 0.4222222222222222 0.021875 0.037037037037037035
17 0.284375 0.4398148148148148 0.020833333333333332 0.037037037037037035
1 0.27447916666666666 0.4222222222222222 0.021875 0.037037037037037035
21 0.26328125 0.4398148148148148 0.021354166666666667 0.037037037037037035
23 0.25364583333333335 0.4222222222222222 0.021875 0.037037037037037035
7 0.24244791666666668 0.4398148148148148 0.021354166666666667 0.037037037037037035
1 0.23255208333333333 0.4217592592592593 0.021354166666666667 0.03611111111111111
27 0.5005208333333333 0.4263888888888889 0.90625 0.3416666666666667
