0 0.9046875 0.8495370370370371 0.005208333333333333 0.14722222222222223
2 0.6294270833333333 0.8337962962962963 0.022395833333333334 0.03796296296296296
9 0.5325520833333334 0.8152777777777778 0.022395833333333334 0.03796296296296296
0 0.89609375 0.8046296296296296 0.0067708333333333336 0.05555555555555555
21 0.5434895833333333 0.8324074074074074 0.022395833333333334 0.03888888888888889
23 0.5541666666666667 0.8152777777777778 0.021875 0.03796296296296296
15 0.5651041666666666 0.8328703703703704 0.021875 0.03796296296296296
22 0.57578125 0.8143518518518519 0.022395833333333334 0.03796296296296296
20 0.5864583333333333 0.8328703703703704 0.021875 0.03796296296296296
24 0.59765625 0.8143518518518519 0.022395833333333334 0.03796296296296296
26 0.6078125 0.8337962962962963 0.021875 0.03796296296296296
18 0.6192708333333333 0.8134259259259259 0.021875 0.03796296296296296
27 0.49895833333333334 0.8379629629629629 0.9375 0.32222222222222224
