0 0.8953125 0.5 0.007291666666666667 0.14814814814814814
19 0.1890625 0.4648148148148148 0.021875 0.03888888888888889
22 0.09140625 0.44675925925925924 0.022395833333333334 0.03796296296296296
0 0.9377604166666667 0.44907407407407407 0.0078125 0.05555555555555555
8 0.10416666666666667 0.4648148148148148 0.021875 0.03888888888888889
5 0.11302083333333333 0.4462962962962963 0.021875 0.03888888888888889
14 0.12552083333333333 0.4648148148148148 0.021875 0.03888888888888889
24 0.13463541666666667 0.44675925925925924 0.022395833333333334 0.03796296296296296
11 0.146875 0.4648148148148148 0.021875 0.03888888888888889
7 0.15651041666666668 0.4462962962962963 0.022395833333333334 0.03888888888888889
5 0.16822916666666668 0.4648148148148148 0.021875 0.03888888888888889
15 0.178125 0.44675925925925924 0.022916666666666665 0.03796296296296296
27 0.49895833333333334 0.5444444444444444 0.9375 0.3537037037037037
