0 0.38385416666666666 0.14212962962962963 0.021875 0.28425925925925927
24 0.4393229166666667 0.000462962962962963 0.0036458333333333334 0.000925925925925926
0 0.6151041666666667 0.006944444444444444 0.022916666666666665 0.013888888888888888
21 0.47161458333333334 0.03194444444444444 0.06510416666666667 0.06388888888888888
19 0.50390625 0.000462962962962963 0.0036458333333333334 0.000925925925925926
11 0.5361979166666667 0.03194444444444444 0.06510416666666667 0.06388888888888888
24 0.56796875 0.000925925925925926 0.0036458333333333334 0.001851851851851852
15 0.5979166666666667 0.031018518518518518 0.06041666666666667 0.062037037037037036
16 0.62890625 0.002777777777777778 0.0046875 0.005555555555555556
19 0.6565104166666667 0.028703703703703703 0.058854166666666666 0.05740740740740741
27 0.49973958333333335 0.37453703703703706 0.5692708333333333 0.7490740740740741
