0 0.2669270833333333 0.475462962962963 0.018229166666666668 0.41944444444444445
4 0.6424479166666667 0.4393518518518518 0.06510416666666667 0.10462962962962963
25 0.3619791666666667 0.3875 0.065625 0.10462962962962963
0 0.32760416666666664 0.3453703703703704 0.020833333333333332 0.1574074074074074
5 0.39557291666666666 0.4375 0.06197916666666667 0.10648148148148148
19 0.425 0.387037037037037 0.0625 0.1037037037037037
18 0.45598958333333334 0.43842592592592594 0.059895833333333336 0.10648148148148148
20 0.4859375 0.3861111111111111 0.06041666666666667 0.10555555555555556
6 0.5153645833333333 0.4388888888888889 0.0609375 0.10555555555555556
13 0.5458333333333333 0.3851851851851852 0.06145833333333333 0.10740740740740741
5 0.5778645833333333 0.4393518518518518 0.06510416666666667 0.10462962962962963
11 0.6075520833333333 0.3851851851851852 0.0640625 0.10740740740740741
27 0.49973958333333335 0.5731481481481482 0.5692708333333333 0.8518518518518519
