9 0.36666666666666664 0.6425925925925926 0.021875 0.037037037037037035
14 0.46067708333333335 0.624537037037037 0.021354166666666667 0.03611111111111111
10 0.4505208333333333 0.6430555555555556 0.021875 0.03796296296296296
25 0.43984375 0.624537037037037 0.021354166666666667 0.03611111111111111
13 0.42942708333333335 0.6425925925925926 0.021354166666666667 0.037037037037037035
12 0.41875 0.625 0.021875 0.037037037037037035
4 0.40859375 0.6425925925925926 0.021354166666666667 0.037037037037037035
6 0.39791666666666664 0.625 0.021875 0.037037037037037035
25 0.38776041666666666 0.6425925925925926 0.021354166666666667 0.037037037037037035
25 0.3770833333333333 0.625 0.020833333333333332 0.037037037037037035
27 0.5005208333333333 0.7199074074074074 0.90625 0.3490740740740741
