0 0.6731770833333334 0.2796296296296296 0.019270833333333334 0.4185185185185185
24 0.31640625 0.27037037037037037 0.06197916666666667 0.10555555555555556
0 0.26796875 0.15092592592592594 0.0203125 0.1574074074074074
7 0.3450520833333333 0.2212962962962963 0.0609375 0.10555555555555556
10 0.378125 0.2689814814814815 0.0625 0.10648148148148148
7 0.40703125 0.22268518518518518 0.06510416666666667 0.10462962962962963
1 0.440625 0.2689814814814815 0.06354166666666666 0.10648148148148148
8 0.47161458333333334 0.22268518518518518 0.06510416666666667 0.10462962962962963
17 0.5036458333333333 0.2689814814814815 0.06354166666666666 0.10648148148148148
9 0.5361979166666667 0.22268518518518518 0.06510416666666667 0.10462962962962963
27 0.49973958333333335 0.4837962962962963 0.5692708333333333 0.9675925925925926
