0 0.9375 0.4111111111111111 0.00625 0.14814814814814814
16 0.8458333333333333 0.5393518518518519 0.021875 0.03796296296296296
0 0.89609375 0.36574074074074076 0.005729166666666666 0.05555555555555555
23 0.8552083333333333 0.5208333333333334 0.021875 0.03796296296296296
22 0.8674479166666667 0.5393518518518519 0.022395833333333334 0.03796296296296296
5 0.8765625 0.5208333333333334 0.021875 0.03796296296296296
4 0.8890625 0.5393518518518519 0.021875 0.03796296296296296
4 0.8981770833333333 0.5208333333333334 0.022395833333333334 0.03796296296296296
2 0.9106770833333333 0.5393518518518519 0.022395833333333334 0.03796296296296296
27 0.49895833333333334 0.4564814814814815 0.9375 0.3537037037037037
