0 0.9046875 0.5680555555555555 0.005208333333333333 0.14722222222222223
7 0.8494791666666667 0.6532407407407408 0.021875 0.03796296296296296
0 0.9260416666666667 0.5537037037037037 0.00625 0.05555555555555555
16 0.8588541666666667 0.6726851851851852 0.021875 0.03796296296296296
18 0.8708333333333333 0.6532407407407408 0.021875 0.03796296296296296
9 0.8807291666666667 0.6717592592592593 0.022916666666666665 0.03796296296296296
7 0.8921875 0.6532407407407408 0.021875 0.03796296296296296
9 0.903125 0.6717592592592593 0.022916666666666665 0.03796296296296296
26 0.9127604166666666 0.6541666666666667 0.021354166666666667 0.03796296296296296
25 0.9247395833333333 0.6717592592592593 0.022395833333333334 0.03796296296296296
27 0.49895833333333334 0.6175925925925926 0.9375 0.3537037037037037
