26 0.221875 0.32407407407407407 0.021875 0.037037037037037035
8 0.31640625 0.3055555555555556 0.021354166666666667 0.037037037037037035
23 0.3059895833333333 0.3236111111111111 0.021354166666666667 0.03611111111111111
7 0.2955729166666667 0.3055555555555556 0.021354166666666667 0.037037037037037035
1 0.28463541666666664 0.32407407407407407 0.021354166666666667 0.037037037037037035
3 0.2747395833333333 0.3055555555555556 0.021354166666666667 0.037037037037037035
21 0.2638020833333333 0.32314814814814813 0.021354166666666667 0.037037037037037035
25 0.25390625 0.3055555555555556 0.021354166666666667 0.037037037037037035
19 0.24296875 0.32407407407407407 0.021354166666666667 0.037037037037037035
5 0.23307291666666666 0.3055555555555556 0.021354166666666667 0.037037037037037035
27 0.5005208333333333 0.39675925925925926 0.90625 0.3416666666666667
