15 0.8098958333333334 0.5046296296296297 0.021875 0.037037037037037035
10 0.7997395833333333 0.5226851851851851 0.021354166666666667 0.03611111111111111
19 0.7888020833333333 0.5046296296296297 0.021354166666666667 0.037037037037037035
4 0.77890625 0.5222222222222223 0.021354166666666667 0.037037037037037035
10 0.7677083333333333 0.5046296296296297 0.021875 0.037037037037037035
2 0.7580729166666667 0.5226851851851851 0.021354166666666667 0.03611111111111111
8 0.7471354166666667 0.5046296296296297 0.021354166666666667 0.037037037037037035
19 0.7372395833333333 0.5222222222222223 0.021354166666666667 0.037037037037037035
21 0.7260416666666667 0.5046296296296297 0.021875 0.037037037037037035
27 0.5005208333333333 0.5504629629629629 0.90625 0.3416666666666667
