10 0.4786458333333333 0.3638888888888889 0.021875 0.037037037037037035
7 0.57265625 0.3458333333333333 0.021354166666666667 0.03611111111111111
13 0.5622395833333333 0.3638888888888889 0.021354166666666667 0.037037037037037035
22 0.5518229166666667 0.3458333333333333 0.021354166666666667 0.03611111111111111
9 0.54140625 0.3638888888888889 0.021354166666666667 0.037037037037037035
15 0.5307291666666667 0.3458333333333333 0.021875 0.03611111111111111
16 0.5205729166666667 0.3638888888888889 0.021354166666666667 0.037037037037037035
23 0.51015625 0.3453703703703704 0.021354166666666667 0.037037037037037035
8 0.49947916666666664 0.3638888888888889 0.021875 0.037037037037037035
26 0.4890625 0.3453703703703704 0.021875 0.037037037037037035
27 0.5005208333333333 0.29444444444444445 0.90625 0.34629629629629627
