0 0.88515625 0.5819444444444445 0.005729166666666666 0.14722222222222223
10 0.11953125 0.5412037037037037 0.022395833333333334 0.03796296296296296
0 0.89609375 0.5347222222222222 0.0067708333333333336 0.05648148148148148
8 0.12916666666666668 0.5226851851851851 0.021875 0.03796296296296296
2 0.14140625 0.5416666666666666 0.022395833333333334 0.03888888888888889
15 0.15052083333333333 0.5226851851851851 0.021875 0.03796296296296296
26 0.16276041666666666 0.5416666666666666 0.022395833333333334 0.03888888888888889
10 0.17213541666666668 0.5226851851851851 0.022395833333333334 0.03796296296296296
17 0.18411458333333333 0.5416666666666666 0.022395833333333334 0.03888888888888889
27 0.49895833333333334 0.6282407407407408 0.9375 0.3527777777777778
