0 0.9171875 0.4666666666666667 0.00625 0.14814814814814814
15 0.43776041666666665 0.5791666666666667 0.022395833333333334 0.03796296296296296
0 0.89609375 0.4212962962962963 0.005729166666666666 0.05555555555555555
1 0.44869791666666664 0.5606481481481481 0.022395833333333334 0.03796296296296296
22 0.4591145833333333 0.5791666666666667 0.022395833333333334 0.03796296296296296
4 0.4700520833333333 0.5606481481481481 0.022395833333333334 0.03796296296296296
12 0.48072916666666665 0.5791666666666667 0.021875 0.03796296296296296
8 0.49166666666666664 0.5606481481481481 0.021875 0.03796296296296296
24 0.50234375 0.5791666666666667 0.022395833333333334 0.03796296296296296
27 0.49895833333333334 0.5143518518518518 0.9375 0.3527777777777778
