0 0.5541666666666667 0.1398148148148148 0.020833333333333332 0.2796296296296296
10 0.6765625 0.3592592592592593 0.06354166666666666 0.10740740740740741
13 0.39895833333333336 0.30787037037037035 0.059375 0.10648148148148148
0 0.26796875 0.0125 0.019270833333333334 0.025
10 0.42864583333333334 0.3611111111111111 0.06041666666666667 0.10555555555555556
18 0.4578125 0.30925925925925923 0.06041666666666667 0.10555555555555556
18 0.48880208333333336 0.3597222222222222 0.0609375 0.10648148148148148
6 0.5197916666666667 0.3106481481481482 0.06458333333333334 0.10462962962962963
25 0.5505208333333333 0.3592592592592593 0.06354166666666666 0.10740740740740741
16 0.5838541666666667 0.3106481481481482 0.065625 0.10462962962962963
23 0.6135416666666667 0.3592592592592593 0.06354166666666666 0.10740740740740741
7 0.6484375 0.3111111111111111 0.065625 0.10555555555555556
27 0.49973958333333335 0.3763888888888889 0.5692708333333333 0.7527777777777778
