7 0.4622395833333333 0.3638888888888889 0.021354166666666667 0.037037037037037035
14 0.4518229166666667 0.3814814814814815 0.021354166666666667 0.037037037037037035
18 0.44114583333333335 0.3638888888888889 0.021875 0.037037037037037035
21 0.4309895833333333 0.3814814814814815 0.021354166666666667 0.037037037037037035
2 0.4205729166666667 0.3638888888888889 0.021354166666666667 0.037037037037037035
5 0.41015625 0.3814814814814815 0.021354166666666667 0.037037037037037035
17 0.39947916666666666 0.3638888888888889 0.021875 0.037037037037037035
20 0.3893229166666667 0.3814814814814815 0.021354166666666667 0.037037037037037035
14 0.37864583333333335 0.3638888888888889 0.021875 0.037037037037037035
27 0.5005208333333333 0.3578703703703704 0.90625 0.3416666666666667
