0 0.92578125 0.33101851851851855 0.005729166666666666 0.14722222222222223
21 0.6677083333333333 0.34120370370370373 0.021875 0.03796296296296296
25 0.5703125 0.32222222222222224 0.021875 0.03888888888888889
0 0.8661458333333333 0.25972222222222224 0.00625 0.05648148148148148
5 0.58125 0.34120370370370373 0.021875 0.03796296296296296
10 0.5919270833333333 0.3226851851851852 0.022395833333333334 0.03796296296296296
26 0.6028645833333334 0.3416666666666667 0.022395833333333334 0.03888888888888889
14 0.61328125 0.32222222222222224 0.022395833333333334 0.03888888888888889
13 0.6244791666666667 0.3421296296296296 0.021875 0.03796296296296296
13 0.6348958333333333 0.32222222222222224 0.021875 0.03888888888888889
23 0.64609375 0.3416666666666667 0.022395833333333334 0.03888888888888889
26 0.6565104166666667 0.3226851851851852 0.022395833333333334 0.03796296296296296
27 0.49895833333333334 0.3476851851851852 0.9375 0.3527777777777778
