5 0.37526041666666665 0.2439814814814815 0.021354166666666667 0.03611111111111111
5 0.46901041666666665 0.22592592592592592 0.021354166666666667 0.037037037037037035
9 0.45859375 0.2449074074074074 0.021354166666666667 0.03611111111111111
9 0.44817708333333334 0.22592592592592592 0.021354166666666667 0.037037037037037035
24 0.43776041666666665 0.2449074074074074 0.021354166666666667 0.03611111111111111
23 0.42734375 0.22592592592592592 0.021354166666666667 0.037037037037037035
6 0.4166666666666667 0.24444444444444444 0.021875 0.037037037037037035
5 0.40625 0.22685185185185186 0.021875 0.037037037037037035
7 0.39609375 0.2439814814814815 0.021354166666666667 0.03611111111111111
7 0.38515625 0.22685185185185186 0.021354166666666667 0.037037037037037035
27 0.5005208333333333 0.2675925925925926 0.90625 0.35
