0 0.4986979166666667 0.2310185185185185 0.021354166666666667 0.41944444444444445
18 0.29375 0.3939814814814815 0.065625 0.10462962962962963
0 0.64296875 0.09444444444444444 0.0203125 0.15555555555555556
22 0.3299479166666667 0.33796296296296297 0.0640625 0.10740740740740741
17 0.35833333333333334 0.3939814814814815 0.065625 0.10462962962962963
11 0.3932291666666667 0.3384259259259259 0.06354166666666666 0.10648148148148148
16 0.42239583333333336 0.3939814814814815 0.06458333333333334 0.10462962962962963
20 0.45416666666666666 0.3384259259259259 0.06041666666666667 0.10648148148148148
25 0.484375 0.3925925925925926 0.06041666666666667 0.10555555555555556
18 0.5140625 0.3402777777777778 0.06041666666666667 0.10648148148148148
27 0.49973958333333335 0.4564814814814815 0.5692708333333333 0.912962962962963
