0 0.88515625 0.12222222222222222 0.005729166666666666 0.14814814814814814
22 0.61953125 0.22546296296296298 0.022395833333333334 0.03796296296296296
12 0.52265625 0.20694444444444443 0.022395833333333334 0.03796296296296296
0 0.89609375 0.07268518518518519 0.005729166666666666 0.05648148148148148
11 0.5333333333333333 0.22453703703703703 0.021875 0.03796296296296296
13 0.5442708333333334 0.20694444444444443 0.021875 0.03796296296296296
18 0.5549479166666667 0.22453703703703703 0.022395833333333334 0.03796296296296296
16 0.565625 0.2064814814814815 0.021875 0.03888888888888889
12 0.5765625 0.22546296296296298 0.021875 0.03796296296296296
14 0.5872395833333334 0.20601851851851852 0.022395833333333334 0.03796296296296296
24 0.5981770833333333 0.22546296296296298 0.022395833333333334 0.03796296296296296
15 0.60859375 0.20601851851851852 0.022395833333333334 0.03796296296296296
27 0.49895833333333334 0.18518518518518517 0.9375 0.37037037037037035
