0 0.9171875 0.06666666666666667 0.00625 0.13333333333333333
23 0.76484375 0.1087962962962963 0.022395833333333334 0.03796296296296296
0 0.9260416666666667 0.04259259259259259 0.005208333333333333 0.05555555555555555
22 0.7744791666666667 0.08796296296296297 0.021875 0.03888888888888889
15 0.7864583333333334 0.1087962962962963 0.021875 0.03796296296296296
4 0.7958333333333333 0.08842592592592592 0.021875 0.03796296296296296
20 0.8080729166666667 0.1087962962962963 0.022395833333333334 0.03796296296296296
1 0.8174479166666667 0.08842592592592592 0.022395833333333334 0.03796296296296296
10 0.8296875 0.1087962962962963 0.021875 0.03796296296296296
27 0.49895833333333334 0.16296296296296298 0.9375 0.32592592592592595
