0 0.8958333333333334 0.6069444444444444 0.00625 0.14907407407407408
10 0.18880208333333334 0.7282407407407407 0.021354166666666667 0.03796296296296296
5 0.09088541666666666 0.7087962962962963 0.022395833333333334 0.03796296296296296
0 0.8854166666666666 0.5611111111111111 0.00625 0.05555555555555555
23 0.10338541666666666 0.7282407407407407 0.022395833333333334 0.03796296296296296
24 0.11223958333333334 0.7087962962962963 0.022395833333333334 0.03796296296296296
5 0.12473958333333333 0.7282407407407407 0.022395833333333334 0.03796296296296296
22 0.13411458333333334 0.7087962962962963 0.022395833333333334 0.03796296296296296
3 0.14635416666666667 0.7282407407407407 0.021875 0.03796296296296296
9 0.15546875 0.7087962962962963 0.022395833333333334 0.03796296296296296
13 0.16770833333333332 0.7282407407407407 0.021875 0.03796296296296296
18 0.17734375 0.7087962962962963 0.022395833333333334 0.03796296296296296
27 0.49895833333333334 0.6513888888888889 0.9375 0.3527777777777778
