0 0.9046875 0.7180555555555556 0.005208333333333333 0.14722222222222223
3 0.6604166666666667 0.8162037037037037 0.021875 0.03796296296296296
0 0.9177083333333333 0.6694444444444444 0.005208333333333333 0.05555555555555555
1 0.6703125 0.799074074074074 0.021875 0.03888888888888889
5 0.6817708333333333 0.8162037037037037 0.021875 0.03796296296296296
6 0.6919270833333333 0.799537037037037 0.022395833333333334 0.03796296296296296
3 0.7036458333333333 0.8162037037037037 0.021875 0.03796296296296296
11 0.7135416666666666 0.799074074074074 0.021875 0.03888888888888889
17 0.725 0.8162037037037037 0.021875 0.03796296296296296
27 0.49895833333333334 0.7569444444444444 0.9375 0.3712962962962963
