0 0.8953125 0.45 0.007291666666666667 0.14814814814814814
26 0.096875 0.5560185185185185 0.022916666666666665 0.03796296296296296
0 0.9375 0.4050925925925926 0.00625 0.05648148148148148
19 0.10755208333333334 0.5375 0.021354166666666667 0.03796296296296296
6 0.11927083333333334 0.5555555555555556 0.022916666666666665 0.03888888888888889
5 0.12890625 0.5365740740740741 0.022395833333333334 0.03796296296296296
1 0.14114583333333333 0.5555555555555556 0.021875 0.03888888888888889
4 0.15052083333333333 0.5365740740740741 0.021875 0.03796296296296296
19 0.1625 0.5555555555555556 0.021875 0.03888888888888889
25 0.171875 0.5375 0.021875 0.03796296296296296
27 0.49895833333333334 0.49583333333333335 0.9375 0.3527777777777778
