0 0.6140625 0.8347222222222223 0.019791666666666666 0.3287037037037037
9 0.4296875 0.9393518518518519 0.06041666666666667 0.10648148148148148
0 0.3859375 0.7421296296296296 0.019791666666666666 0.15648148148148147
7 0.459375 0.8833333333333333 0.06145833333333333 0.10555555555555556
25 0.490625 0.9430555555555555 0.0625 0.10648148148148148
21 0.5221354166666666 0.8810185185185185 0.06510416666666667 0.10462962962962963
26 0.553125 0.9435185185185185 0.06354166666666666 0.10740740740740741
11 0.58671875 0.8814814814814815 0.06510416666666667 0.1037037037037037
12 0.6161458333333333 0.9430555555555555 0.06354166666666666 0.10648148148148148
1 0.6510416666666666 0.8810185185185185 0.06458333333333334 0.10462962962962963
27 0.49973958333333335 0.7537037037037037 0.5692708333333333 0.49074074074074076
