0 0.2669270833333333 0.22916666666666666 0.018229166666666668 0.41944444444444445
13 0.29010416666666666 0.13194444444444445 0.06458333333333334 0.10462962962962963
0 0.41744791666666664 0.11342592592592593 0.019270833333333334 0.15462962962962962
15 0.32578125 0.0712962962962963 0.0640625 0.10740740740740741
1 0.35390625 0.13287037037037036 0.06510416666666667 0.10462962962962963
15 0.3890625 0.0712962962962963 0.06354166666666666 0.10740740740740741
18 0.41848958333333336 0.13287037037037036 0.06510416666666667 0.10462962962962963
22 0.4515625 0.07175925925925926 0.0625 0.10648148148148148
2 0.4817708333333333 0.13194444444444445 0.0625 0.10462962962962963
14 0.5125 0.07407407407407407 0.06041666666666667 0.10740740740740741
27 0.49973958333333335 0.46111111111111114 0.5692708333333333 0.9222222222222223
