25 0.42265625 0.4041666666666667 0.021354166666666667 0.03611111111111111
16 0.5166666666666667 0.3861111111111111 0.021875 0.037037037037037035
8 0.50625 0.4046296296296296 0.021875 0.037037037037037035
13 0.49583333333333335 0.3861111111111111 0.021875 0.037037037037037035
6 0.48541666666666666 0.40370370370370373 0.021875 0.037037037037037035
21 0.4747395833333333 0.3861111111111111 0.021354166666666667 0.037037037037037035
10 0.46432291666666664 0.4041666666666667 0.021354166666666667 0.03611111111111111
15 0.45390625 0.3861111111111111 0.021354166666666667 0.037037037037037035
14 0.4434895833333333 0.4041666666666667 0.021354166666666667 0.03611111111111111
4 0.43307291666666664 0.3861111111111111 0.021354166666666667 0.037037037037037035
27 0.5005208333333333 0.49583333333333335 0.90625 0.3416666666666667
