0 0.9255208333333333 0.7032407407407407 0.00625 0.14722222222222223
23 0.23125 0.8027777777777778 0.021875 0.03888888888888889
0 0.89609375 0.625 0.0067708333333333336 0.05555555555555555
25 0.24296875 0.7856481481481481 0.022395833333333334 0.03796296296296296
23 0.2526041666666667 0.8027777777777778 0.021875 0.03888888888888889
17 0.26458333333333334 0.7856481481481481 0.021875 0.03796296296296296
6 0.27421875 0.8027777777777778 0.022395833333333334 0.03888888888888889
18 0.2859375 0.7856481481481481 0.021875 0.03796296296296296
21 0.29583333333333334 0.8027777777777778 0.021875 0.03888888888888889
26 0.30755208333333334 0.7856481481481481 0.022395833333333334 0.03796296296296296
27 0.49895833333333334 0.7171296296296297 0.9375 0.36203703703703705
