0 0.9171875 0.48055555555555557 0.00625 0.14814814814814814
16 0.37005208333333334 0.4476851851851852 0.022395833333333334 0.03796296296296296
0 0.8856770833333333 0.4310185185185185 0.0067708333333333336 0.05648148148148148
4 0.38046875 0.42916666666666664 0.022395833333333334 0.03796296296296296
6 0.39166666666666666 0.4476851851851852 0.021875 0.03796296296296296
26 0.40208333333333335 0.42916666666666664 0.021875 0.03796296296296296
16 0.41302083333333334 0.4476851851851852 0.021875 0.03796296296296296
7 0.4236979166666667 0.42916666666666664 0.022395833333333334 0.03796296296296296
20 0.43463541666666666 0.4476851851851852 0.022395833333333334 0.03796296296296296
20 0.44557291666666665 0.42916666666666664 0.022395833333333334 0.03796296296296296
27 0.49895833333333334 0.525 0.9375 0.3537037037037037
