0 0.9174479166666667 0.7935185185185185 0.005729166666666666 0.14814814814814814
4 0.40130208333333334 0.7726851851851851 0.022395833333333334 0.03796296296296296
0 0.8963541666666667 0.7453703703703703 0.00625 0.05555555555555555
8 0.4125 0.7550925925925925 0.021875 0.03796296296296296
15 0.4231770833333333 0.7726851851851851 0.022395833333333334 0.03796296296296296
9 0.43411458333333336 0.7541666666666667 0.022395833333333334 0.03796296296296296
24 0.44479166666666664 0.7731481481481481 0.021875 0.03888888888888889
16 0.45546875 0.7541666666666667 0.022395833333333334 0.03796296296296296
4 0.46640625 0.7736111111111111 0.022395833333333334 0.03796296296296296
27 0.49895833333333334 0.8152777777777778 0.9375 0.3675925925925926
