0 0.6940104166666666 0.49444444444444446 0.018229166666666668 0.4111111111111111
4 0.29192708333333334 0.5893518518518519 0.06510416666666667 0.10462962962962963
0 0.6736979166666667 0.3509259259259259 0.0203125 0.1574074074074074
12 0.328125 0.6444444444444445 0.06354166666666666 0.10740740740740741
11 0.35651041666666666 0.5893518518518519 0.06510416666666667 0.10462962962962963
24 0.39114583333333336 0.6444444444444445 0.06354166666666666 0.10740740740740741
21 0.42109375 0.5893518518518519 0.06510416666666667 0.10462962962962963
10 0.45338541666666665 0.6439814814814815 0.0609375 0.10648148148148148
21 0.48359375 0.5898148148148148 0.0609375 0.10555555555555556
27 0.49973958333333335 0.575925925925926 0.5692708333333333 0.8462962962962963
