0 0.92578125 0.7986111111111112 0.005729166666666666 0.14722222222222223
4 0.5752604166666667 0.8893518518518518 0.022395833333333334 0.03796296296296296
0 0.89609375 0.7240740740740741 0.0067708333333333336 0.05555555555555555
18 0.5864583333333333 0.9078703703703703 0.021875 0.03796296296296296
25 0.5971354166666667 0.888425925925926 0.022395833333333334 0.03796296296296296
1 0.6075520833333333 0.9083333333333333 0.022395833333333334 0.03888888888888889
24 0.6190104166666667 0.888425925925926 0.022395833333333334 0.03796296296296296
1 0.6291666666666667 0.9083333333333333 0.021875 0.03888888888888889
2 0.640625 0.887962962962963 0.021875 0.037037037037037035
22 0.65078125 0.9078703703703703 0.022395833333333334 0.03796296296296296
21 0.6619791666666667 0.8875 0.021875 0.03796296296296296
27 0.49895833333333334 0.8037037037037037 0.9375 0.3814814814814815
