0 0.9174479166666667 0.7736111111111111 0.005729166666666666 0.14907407407407408
20 0.14713541666666666 0.7356481481481482 0.022395833333333334 0.03796296296296296
0 0.8854166666666666 0.7263888888888889 0.00625 0.05648148148148148
23 0.15651041666666668 0.7162037037037037 0.022395833333333334 0.03796296296296296
10 0.16822916666666668 0.7356481481481482 0.021875 0.03796296296296296
7 0.17864583333333334 0.7162037037037037 0.022916666666666665 0.03796296296296296
13 0.18932291666666667 0.7347222222222223 0.021354166666666667 0.03796296296296296
5 0.20078125 0.7171296296296297 0.022395833333333334 0.03796296296296296
9 0.21041666666666667 0.7347222222222223 0.021875 0.03796296296296296
27 0.49895833333333334 0.8069444444444445 0.9375 0.3824074074074074
