21 0.25416666666666665 0.18425925925925926 0.021875 0.037037037037037035
5 0.24270833333333333 0.20277777777777778 0.021875 0.037037037037037035
10 0.23307291666666666 0.1837962962962963 0.021354166666666667 0.03611111111111111
19 0.22213541666666667 0.2023148148148148 0.021354166666666667 0.03611111111111111
8 0.21223958333333334 0.1837962962962963 0.021354166666666667 0.03611111111111111
7 0.20130208333333333 0.20277777777777778 0.021354166666666667 0.037037037037037035
15 0.19140625 0.18425925925925926 0.021354166666666667 0.037037037037037035
3 0.18020833333333333 0.20277777777777778 0.021875 0.037037037037037035
8 0.17057291666666666 0.18425925925925926 0.021354166666666667 0.037037037037037035
27 0.5005208333333333 0.29583333333333334 0.90625 0.3453703703703704
