0 0.5828125 0.1986111111111111 0.01875 0.3972222222222222
9 0.3143229166666667 0.3888888888888889 0.06197916666666667 0.10555555555555556
0 0.6427083333333333 0.07407407407407407 0.021875 0.14814814814814814
8 0.34348958333333335 0.3365740740740741 0.058854166666666666 0.10648148148148148
5 0.37552083333333336 0.3875 0.06145833333333333 0.10648148148148148
7 0.4044270833333333 0.3384259259259259 0.0640625 0.10462962962962963
20 0.43723958333333335 0.387037037037037 0.0640625 0.10740740740740741
6 0.46796875 0.3384259259259259 0.06510416666666667 0.10462962962962963
8 0.5005208333333333 0.3875 0.06354166666666666 0.10648148148148148
27 0.49973958333333335 0.4356481481481482 0.5692708333333333 0.8712962962962963
