0 0.8565104166666667 0.6666666666666666 0.005729166666666666 0.14814814814814814
23 0.4817708333333333 0.6337962962962963 0.021875 0.03796296296296296
0 0.9049479166666666 0.6194444444444445 0.005729166666666666 0.05555555555555555
25 0.49270833333333336 0.6152777777777778 0.021875 0.03796296296296296
21 0.5036458333333333 0.6333333333333333 0.021875 0.03888888888888889
20 0.5143229166666666 0.6152777777777778 0.022395833333333334 0.03796296296296296
20 0.525 0.6337962962962963 0.021875 0.03796296296296296
6 0.5359375 0.6152777777777778 0.021875 0.03796296296296296
15 0.5463541666666667 0.6337962962962963 0.021875 0.03796296296296296
3 0.5575520833333333 0.6152777777777778 0.022395833333333334 0.03796296296296296
27 0.49895833333333334 0.7078703703703704 0.9375 0.36018518518518516
